161
116
168
149
141
80
41
93
84
85
20
0
29
54
52
5
0
0
28
37
33
0
0
92
12
449
313
475
365
347
392
227
448
350
283
371
157
401
369
248
402
97
371
410
216
434
42
350
416
186
891
536
951
670
595
883
475
915
688
583
890
412
917
732
560
944
358
945
782
537
794
278
807
703
442
1458
913
1581
1096
977
1494
842
1598
1128
956
1325
704
1426
1027
833
1187
573
1256
934
744
1051
463
1109
864
645
1994
1306
2149
1486
1325
1812
1136
1948
1349
1194
1644
993
1758
1235
1080
1499
842
1598
1139
955
1325
703
1426
1029
833
