155
147
160
137
192
42
49
68
49
115
0
0
0
0
39
0
0
0
0
0
0
0
0
0
0
475
407
418
364
506
394
297
339
283
432
309
202
267
200
369
272
116
224
128
346
264
38
191
98
355
1004
827
858
673
1015
940
733
776
606
979
903
643
764
564
984
921
533
795
522
1003
752
364
636
396
829
1677
1363
1485
1201
1715
1677
1272
1498
1138
1714
1487
1071
1307
962
1531
1270
868
1111
811
1334
1091
705
939
652
1169
2357
2025
2166
1669
2406
2131
1746
1932
1446
2148
1888
1471
1702
1299
1920
1677
1272
1490
1137
1715
1488
1071
1307
961
1531
