160
147
160
138
192
48
49
68
52
115
0
0
0
0
38
0
0
0
0
0
0
0
0
0
0
475
414
425
366
504
392
305
339
283
438
319
202
266
200
386
289
116
225
135
348
268
42
207
97
355
1008
827
861
678
1016
948
730
778
607
975
902
641
771
564
991
921
539
791
520
1005
758
367
647
399
830
1681
1365
1486
1201
1715
1677
1272
1499
1138
1715
1491
1071
1311
963
1531
1281
874
1115
810
1339
1091
715
947
651
1174
2358
2025
2166
1670
2410
2133
1746
1934
1446
2150
1890
1469
1708
1299
1920
1678
1272
1490
1138
1716
1486
1073
1308
962
1531
