160
147
160
138
192
48
49
69
53
115
0
0
0
0
44
0
0
0
0
0
0
0
0
0
0
475
414
435
366
504
392
305
339
283
448
331
202
266
200
387
293
116
225
135
348
268
42
207
97
355
1008
829
862
682
1016
948
730
778
607
984
902
641
778
564
991
922
544
794
520
1005
758
377
654
399
835
1681
1365
1488
1201
1715
1677
1272
1499
1138
1715
1492
1072
1314
963
1531
1289
874
1119
816
1339
1096
724
947
658
1174
2365
2025
2166
1670
2415
2134
1746
1934
1446
2159
1890
1474
1708
1299
1921
1681
1272
1491
1138
1716
1490
1073
1311
962
1531
