155
147
160
137
192
42
49
68
49
115
0
0
0
0
42
0
0
0
0
0
0
0
0
0
0
476
407
422
364
506
394
297
339
284
439
321
202
271
200
369
272
116
224
128
349
264
38
191
98
355
1004
827
861
673
1015
941
735
777
606
979
903
643
764
564
984
921
533
795
522
1004
752
364
640
400
832
1678
1363
1485
1201
1715
1677
1272
1499
1138
1714
1489
1071
1307
962
1531
1270
868
1111
814
1334
1094
705
939
652
1170
2357
2025
2166
1669
2406
2131
1746
1932
1446
2148
1888
1471
1702
1299
1920
1677
1272
1490
1137
1715
1488
1071
1307
962
1531
