157
125
151
134
120
48
25
45
64
53
7
0
0
16
23
0
0
0
26
0
0
0
0
53
0
491
304
536
396
357
394
234
443
368
297
324
142
353
343
225
306
55
316
336
159
350
0
244
384
107
1085
630
1161
803
720
1062
509
1122
819
642
1059
404
1156
870
600
1087
347
1105
904
567
922
177
882
789
445
1879
1123
2034
1386
1206
1914
1020
2058
1425
1174
1687
823
1816
1297
1016
1462
680
1580
1169
868
1276
450
1332
1029
686
2641
1689
2856
1930
1713
2392
1451
2568
1737
1519
2150
1221
2301
1583
1343
1906
1024
2058
1418
1186
1687
823
1807
1299
1015
