144
125
151
127
118
49
25
45
51
57
2
0
0
16
23
0
0
0
26
0
0
0
0
53
0
487
304
531
386
344
392
218
430
359
288
321
142
353
322
225
306
50
288
337
156
344
0
234
384
90
1077
630
1160
799
708
1049
505
1104
799
642
1056
398
1083
838
589
1077
323
1087
877
567
910
177
874
766
429
1866
1123
2028
1372
1205
1905
1020
2047
1410
1173
1681
816
1795
1297
1012
1461
643
1552
1150
865
1273
450
1308
1006
680
2641
1689
2856
1930
1710
2381
1451
2568
1737
1509
2150
1221
2297
1565
1334
1905
1020
2047
1422
1186
1681
816
1795
1291
1012
