144
125
151
133
118
49
25
45
51
57
2
0
0
12
23
0
0
0
26
0
0
0
0
53
0
487
304
531
386
344
392
218
430
359
288
317
142
353
329
225
306
50
266
333
156
344
0
234
381
90
1077
630
1160
799
709
1049
503
1095
799
642
1056
398
1083
838
602
1077
324
1087
882
569
910
177
874
750
429
1868
1123
2028
1372
1205
1905
1020
2047
1411
1173
1681
816
1795
1291
1006
1461
643
1552
1149
857
1267
450
1308
1000
713
2641
1689
2856
1930
1710
2381
1451
2568
1737
1509
2150
1221
2297
1564
1334
1905
1020
2047
1410
1173
1681
816
1795
1297
1006
