285
248
337
271
263
287
234
316
357
185
428
173
307
324
199
360
171
337
275
305
348
132
390
285
185
571
417
563
422
441
542
355
617
446
500
614
320
514
523
464
530
253
578
566
420
661
345
545
531
477
864
596
875
677
598
834
617
899
763
686
850
519
1018
749
664
958
456
950
799
643
872
530
873
675
546
1224
799
1330
956
891
1202
872
1346
961
990
1117
769
1265
951
877
1069
623
1115
902
726
1060
558
1042
842
751
1629
1103
1716
1290
1120
1530
1052
1629
1149
1031
1382
911
1441
1039
901
1221
795
1313
948
972
1113
694
1213
941
810
