238
300
307
258
219
286
219
298
276
218
384
163
309
319
223
326
186
316
317
258
425
110
369
418
242
539
391
526
586
481
567
323
562
500
423
546
301
575
512
388
653
362
612
525
359
608
244
689
524
443
896
574
873
758
606
845
542
941
676
672
930
575
938
720
642
845
502
937
714
565
870
431
825
709
555
1210
818
1317
957
907
1254
822
1332
1003
835
1203
695
1228
884
751
1070
636
1140
871
711
961
550
1019
819
661
1554
1087
1661
1234
1090
1439
1033
1553
1200
976
1334
942
1442
1023
936
1241
839
1367
1009
933
1166
724
1309
868
784
