182
175
175
156
217
108
96
117
109
158
78
45
73
52
121
103
55
45
41
88
94
48
60
52
119
500
456
457
408
528
457
394
424
365
510
416
327
379
324
508
397
257
364
274
499
404
202
340
238
508
850
722
794
670
895
861
690
755
639
873
849
653
777
607
890
834
581
787
578
898
729
472
652
482
801
1304
1206
1251
956
1417
1314
1027
1244
940
1356
1183
892
1104
845
1224
1070
809
975
756
1172
982
694
896
675
1026
1758
1561
1622
1325
1809
1611
1401
1576
1203
1654
1517
1219
1324
1037
1507
1314
1025
1223
973
1365
1218
872
1109
885
1272
