182
156
161
147
206
94
54
85
65
133
27
0
13
3
77
0
0
0
0
23
15
5
7
3
20
496
412
436
371
514
424
333
359
291
453
401
245
313
236
421
353
161
275
181
394
316
102
277
157
410
943
775
808
665
955
914
704
766
626
954
903
644
771
590
967
920
564
791
546
989
766
409
660
427
852
1576
1271
1393
1114
1585
1584
1182
1383
1055
1585
1364
998
1225
908
1433
1215
844
1063
784
1259
1061
713
925
670
1112
2147
1845
1993
1532
2204
1923
1595
1764
1353
1959
1749
1366
1569
1200
1769
1568
1186
1381
1055
1584
1377
1005
1215
915
1431
