186
156
163
147
205
96
66
90
72
140
34
0
11
5
71
2
0
0
0
27
17
5
7
3
25
497
413
433
369
501
422
332
363
294
454
387
249
317
236
420
384
152
272
186
421
336
117
284
159
417
951
784
821
664
963
912
710
781
632
957
911
646
782
591
965
918
579
797
546
990
773
417
669
427
848
1578
1274
1376
1114
1581
1576
1192
1392
1062
1604
1384
1005
1232
920
1442
1215
853
1077
788
1278
1063
726
940
662
1124
2168
1848
1988
1533
2197
1948
1605
1786
1358
1983
1755
1371
1571
1200
1774
1584
1189
1392
1058
1608
1385
1004
1234
913
1442
