190
152
163
145
202
85
54
86
61
137
15
0
11
3
73
0
0
0
0
32
16
5
7
3
24
496
409
433
374
512
423
336
364
297
451
407
244
308
233
415
373
164
264
193
403
342
99
271
141
415
949
773
812
663
954
909
706
778
626
937
909
645
780
590
969
928
568
797
536
973
772
423
660
414
857
1580
1269
1389
1114
1582
1577
1186
1393
1056
1601
1393
1004
1232
913
1442
1219
850
1067
776
1263
1063
713
920
667
1111
2142
1849
1979
1537
2187
1923
1605
1781
1358
1968
1759
1368
1568
1202
1773
1573
1182
1395
1056
1601
1379
1007
1233
908
1433
