163
141
138
126
195
8
29
21
32
56
0
0
0
0
0
0
0
0
0
0
0
0
0
0
0
837
689
709
536
902
560
409
458
335
734
312
197
231
163
522
99
59
75
58
355
4
0
26
0
165
2036
1666
1713
1260
2088
1796
1327
1525
996
1886
1643
940
1340
763
1717
1531
597
1224
565
1724
1026
246
773
277
1281
3806
3059
3252
2417
3802
3700
2730
3211
2266
3866
3154
2165
2625
1785
3268
2598
1609
2155
1310
2742
2072
1066
1684
927
2224
5664
4715
5123
3778
5759
4967
3963
4442
3220
5044
4330
3313
3802
2718
4425
3700
2730
3199
2258
3866
3154
2165
2625
1798
3268
