157
141
137
127
180
18
35
53
38
76
0
0
0
0
0
0
0
0
0
0
0
0
0
0
0
648
538
570
446
730
495
355
397
302
602
327
187
290
168
484
187
70
170
84
335
70
0
77
0
198
1541
1256
1270
957
1550
1393
1008
1131
779
1418
1266
739
1074
615
1371
1238
538
1025
527
1408
908
269
718
278
1097
2733
2228
2362
1819
2760
2700
1979
2348
1704
2765
2302
1641
1991
1381
2417
1942
1236
1642
1095
2069
1583
899
1344
805
1723
3994
3358
3635
2717
4058
3535
2828
3171
2342
3585
3106
2402
2748
2007
3160
2700
1988
2340
1704
2773
2302
1641
1986
1387
2417
