157
141
137
127
180
13
35
23
32
68
0
0
0
0
0
0
0
0
0
0
0
0
0
0
0
648
529
565
441
698
453
344
393
282
584
319
183
229
168
457
144
70
93
76
296
57
0
62
0
198
1490
1247
1265
950
1535
1337
997
1120
779
1413
1241
732
1042
602
1354
1196
538
990
509
1366
901
258
713
263
1060
2721
2200
2357
1811
2751
2700
1979
2338
1690
2759
2294
1641
1975
1379
2410
1924
1206
1622
1073
2050
1583
881
1312
757
1699
3993
3358
3631
2707
4058
3524
2828
3171
2326
3574
3087
2397
2737
1995
3153
2696
1979
2329
1690
2759
2294
1641
1973
1379
2410
