289
234
247
246
272
280
164
252
162
329
205
202
245
170
257
159
193
302
165
243
319
143
242
84
317
602
462
562
452
608
560
452
563
386
657
575
345
511
322
517
634
427
463
394
593
678
274
538
333
755
1036
914
928
758
1036
1006
830
821
702
1067
1095
735
863
688
1146
1018
697
933
753
1145
1030
636
783
605
1067
1657
1362
1493
1204
1751
1634
1286
1538
1149
1728
1538
1155
1383
997
1543
1317
901
1312
903
1457
1184
970
1136
771
1288
2298
1949
2036
1581
2265
2009
1675
1819
1495
2041
1839
1416
1649
1301
1860
1620
1329
1492
1096
1741
1479
1086
1297
946
1561
