260
224
321
219
282
294
201
232
220
263
262
229
277
213
323
303
149
228
179
279
305
116
243
164
298
542
497
601
430
649
569
470
516
405
582
610
468
627
391
579
532
400
532
387
643
446
328
579
338
644
965
913
915
778
990
973
801
879
716
1078
955
822
981
677
1048
1011
763
891
668
1060
868
595
779
579
1123
1611
1317
1379
1139
1543
1610
1236
1459
1109
1579
1359
1135
1277
953
1470
1176
929
1138
900
1264
1096
807
1013
784
1240
2050
1799
1882
1535
2164
1835
1581
1670
1372
2009
1781
1396
1559
1194
1730
1591
1273
1381
1117
1593
1344
1071
1292
1022
1374
