164
155
147
141
189
65
77
66
65
101
0
9
8
34
29
0
0
0
0
0
0
0
0
0
0
568
513
500
391
643
422
331
361
291
532
302
182
231
183
412
211
78
153
110
316
166
11
147
18
288
1276
1061
1085
834
1270
1160
849
967
698
1191
1122
663
907
624
1185
1096
517
929
517
1224
855
285
729
341
995
2191
1811
1928
1506
2258
2203
1636
1908
1393
2256
1890
1364
1646
1180
1973
1631
1077
1384
957
1709
1347
776
1144
746
1447
3181
2686
2892
2188
3242
2827
2282
2557
1903
2875
2493
1955
2239
1661
2567
2203
1636
1908
1393
2256
1890
1364
1646
1180
1973
