324
227
327
240
331
275
224
352
250
334
245
178
238
258
408
375
231
303
196
372
353
263
306
242
388
590
603
622
474
609
554
573
567
461
659
524
434
600
430
669
584
420
493
487
643
658
311
671
399
673
944
847
811
816
1009
960
763
849
738
975
990
717
950
729
1039
905
642
897
754
1047
851
586
883
657
929
1421
1204
1322
1101
1469
1479
1221
1311
1183
1434
1260
1081
1224
950
1358
1232
927
1093
816
1263
1035
743
1027
770
1161
1845
1657
1715
1434
1921
1748
1559
1723
1271
1690
1561
1337
1420
1165
1683
1462
1054
1357
1121
1527
1318
1174
1261
938
1421
