161
116
170
140
138
80
41
88
86
76
28
0
37
34
28
7
0
4
31
3
34
0
0
75
7
450
302
483
370
344
390
227
432
340
284
388
157
376
354
244
400
84
364
384
219
412
26
358
400
190
884
526
954
667
595
874
469
929
680
583
895
412
924
729
560
933
348
938
769
536
796
245
791
685
438
1467
913
1584
1090
977
1491
842
1601
1126
953
1342
698
1426
1030
833
1195
567
1257
926
744
1055
455
1100
858
646
1997
1307
2149
1490
1325
1812
1141
1948
1356
1194
1655
993
1746
1236
1070
1493
842
1605
1131
948
1348
699
1436
1029
833
