181
134
199
189
159
154
80
144
158
110
137
49
99
153
98
148
15
117
180
100
157
11
97
187
95
466
326
481
400
373
465
273
456
413
344
444
223
446
410
314
448
173
443
428
291
459
134
446
458
269
755
527
830
628
604
779
488
843
654
595
803
446
859
684
579
825
400
856
716
571
732
319
741
653
486
1193
789
1281
894
842
1211
750
1295
922
828
1103
653
1166
866
769
1008
573
1069
820
706
926
491
966
771
638
1562
1074
1685
1187
1077
1445
962
1549
1088
979
1325
846
1416
995
900
1211
750
1286
920
828
1101
653
1173
866
769
