193
134
194
191
158
162
87
144
178
111
156
49
102
155
91
149
29
117
182
100
155
21
97
187
94
466
326
481
400
377
461
269
456
413
343
444
228
451
415
315
453
173
440
425
293
460
134
433
465
269
755
527
830
628
604
779
493
843
659
597
816
459
859
698
580
849
400
856
716
571
732
319
771
662
498
1193
789
1281
896
842
1211
750
1286
924
828
1112
653
1177
866
769
1019
576
1075
824
707
926
491
966
771
639
1562
1074
1685
1187
1077
1445
962
1549
1088
979
1325
846
1416
995
900
1211
750
1286
925
828
1112
653
1181
866
769
