288
203
319
247
208
258
197
298
210
194
308
138
312
253
151
330
161
290
303
157
342
126
274
283
211
515
381
556
442
377
497
335
539
491
359
525
316
555
471
338
578
371
550
473
364
618
283
535
499
387
868
569
889
639
635
906
544
876
695
626
873
486
908
707
651
897
453
911
799
640
842
474
875
683
536
1292
863
1309
993
879
1344
885
1352
992
868
1211
707
1234
909
769
1079
642
1139
858
724
951
524
1057
810
691
1608
1092
1699
1243
1116
1501
1046
1607
1132
1081
1400
930
1432
1041
952
1309
837
1344
1035
913
1192
709
1269
923
796
