289
175
313
271
256
309
188
316
326
196
316
172
338
274
222
263
169
303
391
281
320
133
273
364
259
575
411
550
534
426
563
297
562
435
454
562
320
527
512
450
630
268
559
522
394
549
221
571
580
338
853
603
907
680
662
831
513
946
714
665
889
599
905
766
681
959
524
934
752
641
864
453
972
758
566
1244
830
1479
912
915
1360
793
1447
991
832
1152
718
1323
963
878
1076
604
1201
871
790
1028
582
1106
886
753
1605
1146
1766
1302
1090
1511
1107
1612
1197
1040
1403
959
1533
1101
959
1300
843
1403
1039
909
1163
744
1280
947
823
