181
136
193
185
157
159
88
156
166
114
148
67
102
157
106
141
20
120
173
100
165
11
97
187
100
470
326
481
402
375
463
272
460
413
354
446
223
451
410
315
453
173
440
426
293
462
144
433
460
269
755
527
830
628
604
779
488
843
654
595
812
448
859
694
579
825
400
857
716
567
736
319
742
648
486
1193
789
1281
894
842
1211
750
1286
920
828
1103
653
1166
866
769
1008
573
1075
820
706
926
491
966
778
638
1562
1074
1685
1187
1079
1445
962
1549
1088
979
1325
846
1416
995
900
1211
750
1286
923
828
1101
653
1166
866
769
