181
144
196
181
158
150
87
156
166
111
147
49
109
164
98
147
18
120
182
100
160
21
97
187
94
466
326
481
400
377
460
269
456
413
343
445
223
451
410
314
453
173
464
424
293
460
144
440
465
269
755
527
830
628
604
779
488
843
659
597
816
459
859
698
580
849
400
856
716
571
734
319
741
661
498
1193
789
1281
894
842
1211
750
1286
925
828
1112
653
1182
866
769
1019
576
1075
824
707
926
491
966
771
639
1562
1074
1685
1187
1078
1445
962
1549
1088
979
1325
846
1416
995
900
1211
750
1286
922
828
1112
653
1181
866
769
