289
227
264
296
344
287
294
232
195
276
279
160
256
240
290
316
189
286
229
374
334
208
299
201
313
613
518
485
466
576
566
505
545
430
543
504
432
495
408
615
498
428
517
406
635
503
403
510
441
799
932
841
826
762
972
937
751
864
683
972
914
741
814
696
1069
909
635
936
662
980
851
614
800
554
855
1376
1272
1258
971
1475
1402
1192
1277
1090
1441
1310
921
1215
896
1366
1129
991
1075
798
1211
1025
730
959
726
1054
1804
1543
1739
1416
1837
1673
1458
1535
1232
1674
1529
1209
1446
1106
1542
1338
1088
1262
999
1456
1241
917
1154
920
1261
