177
123
192
157
144
116
57
117
118
96
77
7
67
96
67
75
0
42
111
55
111
2
53
153
54
439
317
459
385
359
431
267
426
386
330
428
205
398
392
297
427
152
383
398
250
431
97
386
415
233
773
526
820
635
609
791
475
827
667
600
822
422
841
694
581
838
387
854
722
569
733
300
736
657
482
1275
806
1353
931
867
1281
763
1359
962
857
1163
661
1222
900
790
1050
560
1088
851
725
952
467
982
784
644
1678
1128
1806
1259
1140
1541
1001
1647
1154
1021
1413
876
1502
1055
932
1281
766
1359
962
857
1163
661
1222
901
790
