177
123
192
157
148
118
56
126
121
100
80
14
74
100
67
81
0
43
117
56
119
2
53
156
54
451
317
460
385
362
425
267
426
387
329
422
205
416
398
297
439
149
388
404
256
434
100
390
421
229
773
526
820
635
609
792
475
835
667
600
825
422
843
694
581
843
387
854
722
563
748
300
736
667
482
1275
807
1353
933
867
1281
770
1359
962
857
1163
665
1222
902
790
1050
560
1102
851
725
953
467
987
788
646
1678
1128
1806
1259
1140
1541
1001
1660
1154
1020
1413
877
1502
1055
935
1281
764
1359
972
857
1163
665
1223
904
790
