177
123
188
158
149
114
59
123
118
100
77
4
68
96
63
72
0
39
110
55
106
2
50
143
54
439
317
459
387
361
425
267
425
385
329
422
205
398
391
296
423
149
383
397
251
431
100
376
409
226
773
526
820
635
609
791
475
827
667
600
822
422
841
686
581
839
387
854
722
561
733
300
737
654
478
1275
803
1353
931
867
1281
763
1359
962
857
1163
661
1222
900
790
1050
560
1088
850
725
953
467
982
790
642
1678
1128
1806
1259
1140
1541
998
1647
1154
1020
1413
876
1502
1055
932
1281
763
1359
962
857
1163
661
1222
900
790
