137
104
148
125
114
32
21
38
43
38
0
0
0
0
0
0
0
0
0
0
0
0
0
13
0
562
335
622
448
380
413
217
464
369
278
322
125
347
347
196
245
43
234
325
106
296
0
173
350
35
1285
720
1394
936
821
1209
585
1296
921
729
1210
422
1259
958
647
1250
292
1253
1015
574
1040
148
948
865
417
2307
1341
2511
1660
1444
2336
1185
2526
1716
1390
2030
921
2194
1527
1156
1758
693
1851
1352
983
1510
472
1556
1183
782
3311
2070
3601
2394
2103
2974
1760
3207
2129
1845
2655
1468
2861
1911
1610
2336
1185
2518
1718
1392
2030
922
2196
1532
1156
