137
104
148
125
114
32
21
38
42
36
0
0
0
0
0
0
0
0
0
0
0
0
0
13
0
562
335
622
448
380
413
217
464
368
278
320
125
347
332
195
245
43
231
325
105
279
0
173
348
28
1285
719
1394
934
821
1209
585
1296
921
726
1210
422
1259
958
647
1250
286
1253
1015
574
1033
148
948
857
404
2307
1341
2511
1660
1444
2336
1183
2518
1716
1390
2030
921
2194
1527
1156
1758
693
1851
1350
982
1504
472
1556
1183
776
3311
2070
3601
2394
2103
2974
1760
3207
2129
1845
2655
1468
2861
1911
1610
2336
1184
2518
1716
1390
2030
921
2194
1528
1156
