137
104
148
125
114
32
21
38
42
37
0
0
0
0
0
0
0
0
0
0
0
0
0
13
0
562
335
622
448
380
413
217
464
369
278
322
125
347
332
196
245
43
231
325
105
289
0
173
348
28
1285
720
1394
934
821
1209
585
1296
921
726
1210
422
1259
958
647
1250
290
1253
1015
574
1039
148
948
857
404
2307
1341
2511
1660
1444
2336
1183
2520
1716
1390
2030
921
2194
1527
1156
1758
693
1851
1352
983
1507
472
1556
1183
781
3311
2070
3601
2394
2103
2974
1760
3207
2129
1845
2655
1468
2861
1911
1610
2336
1184
2518
1716
1392
2030
922
2196
1528
1156
