138
104
148
125
115
32
21
38
42
36
0
0
0
0
0
0
0
0
0
0
0
0
0
13
0
562
335
622
448
380
413
217
464
371
278
320
125
348
337
195
249
43
231
321
106
289
0
174
344
28
1285
719
1394
935
821
1212
585
1305
927
723
1210
423
1259
958
647
1244
288
1253
1020
576
1036
145
948
852
404
2307
1341
2514
1660
1445
2336
1183
2519
1716
1390
2030
921
2194
1529
1156
1759
693
1851
1350
982
1506
473
1556
1188
776
3311
2070
3601
2394
2104
2974
1762
3207
2129
1845
2655
1468
2861
1911
1610
2336
1183
2519
1716
1390
2030
921
2194
1531
1156
