137
104
148
125
115
32
21
38
42
36
0
0
0
0
0
0
0
0
0
0
0
0
0
13
0
562
335
622
448
380
413
217
463
367
278
321
125
347
322
196
246
43
229
314
104
278
0
178
350
28
1285
719
1394
928
821
1209
585
1304
923
722
1210
422
1258
958
648
1246
284
1256
1015
574
1029
145
948
863
409
2307
1341
2511
1661
1443
2336
1183
2518
1716
1390
2030
920
2194
1532
1156
1758
693
1851
1352
976
1506
472
1556
1183
776
3311
2070
3601
2394
2103
2974
1760
3207
2129
1845
2655
1468
2861
1911
1610
2336
1183
2518
1716
1391
2030
920
2194
1528
1156
