140
104
148
125
115
32
21
38
42
36
0
0
0
0
0
0
0
0
0
0
0
0
0
13
0
562
335
622
449
381
413
217
464
373
278
329
125
351
337
195
249
43
231
329
106
289
0
174
350
28
1288
719
1394
935
821
1239
585
1305
932
723
1210
428
1259
958
652
1244
288
1253
1020
578
1039
145
948
852
408
2307
1341
2514
1660
1445
2336
1183
2520
1716
1390
2030
921
2194
1529
1156
1763
693
1856
1355
982
1506
473
1556
1188
776
3311
2070
3601
2394
2104
2974
1762
3207
2129
1845
2655
1468
2861
1911
1610
2336
1183
2526
1716
1392
2030
922
2194
1532
1156
