173
159
167
166
205
73
64
90
104
139
34
22
37
39
91
18
8
16
15
39
40
17
18
15
45
464
429
444
379
497
438
339
381
318
457
422
276
316
263
446
361
192
298
216
430
343
140
295
183
435
864
753
768
667
919
872
675
732
644
935
868
629
760
602
922
894
555
771
560
950
742
425
675
438
835
1478
1202
1310
1039
1481
1464
1097
1309
989
1479
1294
961
1157
860
1332
1129
828
1014
772
1178
1025
688
888
675
1055
1952
1697
1807
1425
2004
1771
1477
1613
1274
1808
1628
1294
1468
1119
1634
1464
1097
1309
989
1479
1300
961
1144
860
1338
