197
161
172
169
207
96
71
94
99
147
36
29
37
42
93
20
8
16
12
38
53
17
18
16
45
468
426
444
376
499
438
339
381
321
457
424
276
316
271
446
362
208
293
216
430
343
162
306
183
452
864
753
780
667
915
872
679
732
644
935
870
633
760
602
922
895
555
774
560
950
742
425
679
438
845
1477
1202
1310
1039
1482
1464
1101
1313
980
1489
1302
967
1161
860
1353
1133
826
1014
772
1191
1025
690
888
675
1063
1953
1697
1807
1425
2004
1771
1477
1613
1277
1813
1629
1294
1468
1124
1634
1464
1102
1313
989
1489
1297
967
1151
860
1353
