164
154
165
173
202
91
88
99
96
137
20
20
40
45
77
24
10
16
12
48
49
17
18
20
45
463
424
444
376
495
429
339
380
322
447
382
275
316
264
433
352
191
291
218
434
343
144
286
189
421
864
748
763
667
913
846
675
732
644
922
862
630
756
602
922
895
555
762
560
937
742
422
664
438
835
1477
1202
1309
1032
1476
1457
1097
1306
980
1479
1278
959
1144
860
1329
1129
802
998
772
1188
1003
686
884
675
1050
1952
1697
1807
1425
2004
1771
1477
1613
1272
1807
1628
1294
1463
1116
1631
1457
1097
1306
982
1479
1278
959
1144
860
1329
