263
160
278
236
228
268
177
290
285
180
342
110
311
313
162
284
128
327
318
169
351
144
329
331
225
518
357
577
475
392
549
296
524
450
449
498
379
532
454
428
590
291
567
518
390
621
307
555
535
399
885
532
934
657
626
838
532
964
670
645
874
463
930
730
612
897
490
893
743
639
805
428
842
683
502
1281
825
1328
956
961
1216
797
1282
927
836
1153
735
1168
902
820
1031
635
1080
855
715
917
548
1015
788
693
1531
1062
1618
1187
1112
1391
1013
1474
1077
985
1299
871
1448
1001
882
1244
766
1304
942
819
1137
740
1191
901
739
