197
141
216
180
158
174
88
156
162
109
181
44
149
167
83
195
40
130
175
78
182
26
128
213
83
476
330
497
400
383
465
277
482
402
363
460
234
466
417
322
474
198
463
424
303
490
143
459
452
269
791
531
849
619
586
804
488
872
647
580
810
449
894
664
572
814
416
862
684
551
737
336
758
633
478
1181
787
1299
939
808
1220
754
1300
921
794
1093
658
1181
845
739
1025
571
1066
799
683
917
498
969
739
624
1546
1081
1638
1160
1049
1406
955
1511
1089
968
1300
848
1384
1000
864
1220
757
1264
921
794
1093
658
1145
846
739
