152
111
159
140
131
80
33
62
70
57
19
0
4
33
30
0
0
6
29
6
11
0
0
75
0
459
302
482
374
353
413
229
429
355
294
352
148
367
346
271
363
92
322
360
183
407
7
285
417
171
978
585
1033
729
639
954
482
1002
711
608
957
411
1005
772
593
998
335
1006
820
580
839
223
842
725
468
1630
987
1784
1208
1091
1672
907
1784
1264
1064
1488
762
1578
1132
921
1335
596
1429
1030
783
1135
461
1176
916
679
2251
1454
2443
1660
1479
2047
1265
2206
1493
1305
1851
1076
1987
1366
1194
1672
907
1784
1256
1064
1488
762
1578
1146
926
