158
111
161
148
136
75
33
67
70
60
11
0
8
50
36
0
0
4
37
12
11
0
0
78
0
464
302
490
374
353
413
229
429
355
296
352
152
379
346
271
359
92
322
351
204
381
7
280
400
171
978
586
1033
729
639
951
485
1004
725
608
974
411
1015
772
593
998
351
1016
820
580
845
232
842
715
481
1638
987
1788
1208
1091
1672
907
1792
1266
1064
1488
769
1578
1146
921
1328
596
1429
1030
783
1158
461
1196
918
679
2251
1454
2443
1660
1479
2047
1265
2206
1505
1305
1869
1076
1987
1370
1194
1672
907
1797
1262
1065
1488
762
1578
1145
921
