152
111
159
132
130
75
37
58
62
56
4
2
2
41
28
0
0
0
56
6
11
0
0
78
0
454
302
474
367
353
388
229
420
355
304
349
142
355
342
239
339
63
299
358
216
386
7
275
422
171
946
575
1031
723
638
941
483
986
721
608
945
402
982
772
594
998
335
996
804
580
825
223
816
701
433
1630
982
1784
1197
1091
1663
907
1778
1249
1077
1486
750
1578
1132
914
1289
596
1417
1027
783
1136
461
1169
908
679
2251
1454
2443
1660
1479
2043
1264
2206
1493
1305
1849
1075
1987
1361
1194
1663
907
1778
1249
1064
1486
762
1578
1127
920
