149
111
159
132
130
65
33
58
62
56
3
1
2
39
30
0
0
0
56
6
11
0
0
78
0
454
302
474
367
353
388
229
419
355
294
349
142
355
342
239
339
63
296
358
183
366
7
275
422
171
946
575
1031
719
638
941
483
986
710
608
945
402
982
763
593
981
335
996
804
578
825
223
816
697
433
1630
982
1784
1197
1091
1663
907
1778
1249
1064
1486
750
1578
1127
914
1288
596
1417
1029
783
1120
460
1169
908
679
2251
1454
2443
1660
1479
2043
1264
2206
1493
1305
1849
1075
1987
1361
1194
1663
907
1778
1249
1061
1486
750
1578
1127
914
