249
183
304
231
193
242
153
257
250
189
229
188
215
260
209
257
151
236
315
195
343
99
177
264
181
514
379
527
455
437
577
310
506
438
387
551
343
570
510
337
540
272
492
533
330
607
270
607
594
330
874
582
884
677
642
890
535
878
727
670
928
479
948
718
715
939
442
999
754
622
821
445
812
732
538
1318
851
1400
1008
895
1341
838
1450
987
953
1192
755
1330
971
880
1137
658
1192
1018
779
1069
601
1117
830
664
1720
1166
1837
1310
1171
1566
1066
1689
1222
1127
1447
881
1535
1083
1013
1327
827
1433
1005
921
1318
689
1346
976
913
