152
142
146
130
189
20
39
44
41
89
0
0
0
15
6
0
0
0
0
0
0
0
0
0
0
554
462
490
369
602
413
324
357
273
489
298
182
231
176
410
179
77
151
82
283
143
5
145
16
267
1218
1019
1063
824
1262
1160
837
947
683
1167
1080
663
889
593
1158
1087
492
873
503
1207
849
277
690
332
970
2179
1783
1909
1502
2244
2189
1626
1900
1393
2256
1874
1345
1640
1175
1956
1628
1067
1377
950
1673
1323
774
1131
729
1418
3179
2681
2892
2187
3237
2827
2282
2543
1889
2870
2475
1944
2232
1645
2535
2187
1626
1900
1393
2256
1866
1345
1640
1175
1956
