164
119
183
136
132
97
48
95
86
93
48
0
47
50
58
31
0
23
68
43
74
0
20
107
50
422
315
463
372
354
396
248
416
362
302
389
182
379
376
262
389
116
360
394
229
392
58
363
406
205
815
514
888
644
607
819
472
864
679
595
836
422
862
708
576
877
367
891
745
561
748
281
760
657
459
1348
844
1461
1008
893
1369
791
1470
1033
893
1240
665
1326
939
816
1116
555
1183
881
739
996
468
1029
810
653
1800
1190
1951
1358
1225
1650
1054
1775
1247
1094
1509
919
1623
1135
978
1369
791
1470
1033
893
1240
654
1326
939
816
