164
119
183
135
134
96
48
99
86
86
48
0
36
57
58
35
0
18
59
43
66
0
18
106
50
422
315
463
370
355
394
248
407
357
300
392
182
378
368
261
389
116
360
384
232
394
59
361
403
206
814
514
887
644
607
819
472
865
678
595
836
422
862
708
578
869
367
891
738
556
744
281
760
658
452
1348
844
1461
1008
893
1369
791
1470
1033
893
1240
665
1326
939
816
1116
555
1183
881
737
996
468
1028
810
653
1800
1190
1951
1358
1225
1650
1054
1775
1247
1094
1509
919
1623
1135
975
1369
791
1470
1033
893
1240
654
1326
939
816
