164
119
183
136
136
97
48
95
90
89
52
1
40
52
58
35
0
18
59
43
74
0
20
106
50
422
315
465
372
352
393
248
416
357
295
390
182
379
370
260
389
116
358
386
227
394
67
367
406
208
815
514
887
644
607
819
472
863
679
595
836
422
862
708
578
875
367
891
732
560
742
281
761
667
453
1348
844
1461
1008
893
1369
791
1470
1033
893
1240
665
1327
939
816
1116
555
1183
881
739
996
471
1028
810
648
1800
1190
1951
1358
1225
1650
1054
1775
1247
1094
1509
919
1623
1135
976
1369
791
1470
1033
893
1240
654
1326
939
816
