187
114
259
218
198
174
48
217
231
108
55
45
197
233
9
265
20
248
298
49
372
0
254
277
34
923
477
865
722
598
862
315
841
711
489
768
190
737
658
368
754
186
684
869
401
1154
98
699
833
280
1818
1078
2073
1367
1238
1789
1022
1897
1456
1088
1841
710
2053
1516
1117
1839
537
1968
1553
1066
1575
415
1471
1311
776
3327
1980
3666
2567
2017
3393
1707
3586
2562
2177
3085
1371
3220
2376
1753
2653
1325
2627
2214
1358
2539
924
2630
1986
1194
4744
2971
5147
3518
3093
4279
2445
4613
3064
2656
3826
2077
4178
2923
2226
3422
1725
3650
2577
2020
3057
1265
3300
2355
1669
