147
102
153
136
142
17
17
32
42
34
0
0
0
0
0
0
0
0
0
0
0
0
0
35
0
709
426
806
565
495
533
267
576
506
333
349
121
391
401
228
235
36
230
345
168
244
0
171
362
0
1743
937
1893
1268
1101
1602
739
1739
1219
929
1555
518
1628
1233
828
1672
331
1648
1314
703
1301
153
1150
1101
446
3186
1793
3458
2274
1956
3204
1558
3481
2362
1875
2783
1200
2974
2048
1548
2398
871
2499
1808
1240
2016
568
2046
1586
998
4652
2868
5054
3322
2876
4164
2397
4483
2947
2541
3667
1975
3976
2631
2184
3204
1558
3484
2324
1825
2769
1205
2974
2085
1535
