167
102
152
150
127
17
18
36
42
34
0
0
0
0
0
0
0
0
0
0
0
0
0
10
0
696
426
797
589
495
530
254
613
476
372
362
121
386
438
215
357
37
252
394
76
235
0
173
415
1
1741
937
1892
1219
1101
1596
739
1757
1233
935
1596
531
1628
1219
811
1668
328
1572
1318
665
1321
138
1166
1100
428
3186
1796
3474
2274
1952
3217
1559
3477
2352
1850
2781
1193
2989
2072
1519
2429
867
2500
1884
1240
2049
568
2044
1585
956
4652
2862
5059
3322
2876
4157
2400
4483
2948
2509
3667
1975
3975
2618
2184
3204
1557
3484
2324
1831
2769
1199
2986
2098
1557
