167
102
152
136
139
25
17
32
42
34
20
0
0
0
0
0
0
0
0
0
0
0
0
25
0
698
426
819
564
495
542
254
606
485
339
354
121
471
419
228
196
37
219
366
111
257
0
157
348
0
1743
937
1917
1250
1101
1621
739
1749
1215
922
1564
523
1676
1217
767
1633
331
1621
1315
684
1309
153
1166
1123
445
3191
1797
3474
2274
1920
3204
1568
3478
2362
1919
2774
1193
2974
2067
1519
2401
848
2501
1833
1240
2004
569
2098
1553
961
4651
2868
5058
3322
2876
4168
2400
4483
2943
2508
3667
1972
3975
2621
2184
3204
1558
3478
2361
1837
2789
1196
2986
2093
1565
