353
260
294
266
293
301
291
272
266
331
376
275
219
191
428
297
273
310
238
371
422
242
329
217
405
603
566
509
534
598
548
586
494
426
654
580
420
630
395
707
592
490
546
418
649
524
405
474
412
670
1035
852
926
784
977
1035
848
932
747
1038
941
774
928
653
1054
977
730
911
669
1025
827
705
801
586
1037
1446
1237
1289
1085
1456
1463
1177
1318
988
1496
1234
905
1329
954
1366
1234
869
1176
890
1338
1102
815
977
689
1151
1843
1578
1685
1477
1938
1650
1522
1539
1258
1758
1557
1285
1424
1196
1624
1405
1165
1308
1043
1419
1318
1015
1192
949
1316
