189
176
171
154
217
118
100
117
115
157
100
36
83
81
133
119
35
66
65
114
108
48
64
88
89
498
455
457
407
538
454
393
423
371
510
441
327
380
315
509
394
257
356
285
497
404
205
353
244
514
836
717
767
670
870
850
696
755
639
891
844
642
753
614
913
836
581
762
596
882
720
478
679
480
799
1341
1107
1251
998
1369
1363
1060
1247
935
1363
1182
892
1072
845
1222
1082
785
961
750
1109
963
704
873
675
998
1758
1582
1611
1306
1825
1644
1393
1516
1208
1630
1502
1215
1380
1054
1507
1359
1032
1213
946
1356
1216
937
1109
848
1222
