189
174
169
150
218
118
96
124
113
159
107
37
65
52
142
88
40
68
40
86
125
48
65
52
103
508
450
455
406
528
450
394
423
366
501
425
332
384
316
513
405
257
362
273
503
400
199
360
238
519
850
727
796
670
894
865
690
749
639
891
849
642
753
614
890
828
581
766
581
881
715
473
679
482
792
1341
1140
1280
956
1337
1314
1025
1246
938
1395
1182
896
1104
845
1254
1066
785
1010
756
1128
958
694
864
666
998
1733
1570
1611
1347
1866
1611
1365
1531
1187
1654
1505
1215
1350
1053
1575
1317
1060
1246
935
1356
1182
933
1141
851
1270
