166
152
161
141
196
67
54
80
62
122
2
0
1
1
53
0
0
0
0
4
15
5
7
3
19
481
405
424
369
498
409
327
353
291
442
378
227
307
226
395
324
145
263
179
385
313
78
237
145
395
929
771
795
661
945
879
697
751
627
931
890
628
751
590
946
906
556
772
544
972
743
397
651
422
821
1575
1269
1372
1114
1563
1562
1182
1376
1049
1580
1358
998
1207
902
1425
1189
838
1043
778
1244
1046
690
906
660
1093
2140
1835
1962
1527
2175
1912
1586
1753
1350
1952
1747
1362
1546
1200
1742
1560
1182
1379
1054
1580
1361
998
1207
908
1424
