168
152
161
143
199
73
54
80
61
122
3
0
2
2
63
0
0
0
0
8
15
5
7
3
19
478
409
421
371
498
416
327
346
289
445
371
227
296
219
399
325
145
261
180
393
315
86
250
133
393
928
767
792
661
945
880
695
755
630
933
892
631
754
590
940
903
552
768
542
958
746
401
637
408
828
1575
1269
1372
1114
1567
1560
1182
1371
1049
1580
1352
998
1210
902
1425
1194
839
1042
773
1243
1046
693
904
658
1099
2140
1835
1962
1527
2175
1915
1585
1753
1350
1952
1747
1362
1546
1200
1744
1564
1182
1376
1049
1580
1368
1002
1211
899
1423
