165
152
161
141
196
66
54
80
62
122
2
0
2
1
53
0
0
0
0
0
15
5
7
3
19
478
404
418
369
493
412
321
346
287
440
366
226
299
220
389
312
145
260
176
372
311
77
232
135
385
924
768
792
661
945
878
695
748
626
929
889
627
749
584
928
904
549
762
536
958
733
394
639
413
820
1575
1269
1372
1114
1563
1560
1181
1376
1048
1579
1351
998
1207
900
1423
1189
836
1036
773
1243
1044
687
904
658
1091
2140
1835
1962
1527
2175
1912
1581
1753
1350
1952
1747
1362
1546
1199
1742
1562
1181
1371
1048
1579
1351
998
1207
900
1423
