163
152
161
141
196
67
54
79
62
122
2
0
0
1
53
0
0
0
0
4
15
5
7
3
19
478
405
418
369
494
409
319
343
288
442
358
227
304
220
389
324
145
254
174
377
301
75
237
131
380
925
770
792
661
945
879
691
748
626
930
889
628
751
586
939
904
552
764
541
958
732
397
638
416
820
1575
1269
1372
1114
1563
1561
1181
1376
1049
1580
1354
998
1207
901
1423
1189
838
1037
773
1243
1044
687
900
658
1091
2140
1835
1962
1527
2175
1912
1584
1753
1350
1952
1747
1362
1546
1200
1742
1560
1181
1375
1048
1579
1358
998
1207
902
1423
