168
152
161
143
199
73
54
80
70
122
3
0
4
2
68
0
0
0
0
9
15
5
7
3
19
483
411
422
371
498
416
327
346
289
445
371
227
307
219
399
344
145
261
180
393
315
91
250
133
393
930
767
792
661
945
880
695
755
630
933
894
631
754
590
940
903
552
779
542
958
746
402
637
414
832
1578
1269
1372
1114
1569
1560
1182
1371
1055
1580
1352
998
1224
902
1425
1194
841
1042
773
1243
1046
694
904
664
1100
2140
1835
1962
1527
2175
1915
1588
1753
1350
1957
1747
1362
1546
1200
1751
1564
1182
1379
1049
1580
1368
1002
1211
899
1423
