165
152
161
143
199
71
54
79
61
122
1
0
1
1
57
0
0
0
0
2
15
5
7
3
19
478
409
421
370
494
413
327
346
288
445
371
227
296
219
394
325
145
261
180
390
315
79
250
133
385
928
767
792
661
945
880
695
755
630
933
891
631
754
590
940
903
552
767
542
958
736
394
637
408
828
1575
1269
1372
1114
1563
1560
1182
1371
1049
1580
1352
998
1210
902
1425
1190
839
1042
773
1243
1044
693
904
658
1091
2140
1835
1962
1527
2175
1912
1585
1753
1350
1952
1747
1362
1546
1199
1744
1564
1182
1376
1049
1580
1366
998
1211
899
1423
