165
152
161
141
199
69
54
80
62
126
2
0
2
1
61
0
0
0
0
0
15
5
7
3
19
478
404
418
369
493
416
325
346
287
440
366
227
299
221
390
312
145
260
176
372
311
79
241
135
385
924
769
792
661
945
878
695
750
626
929
889
627
753
584
928
904
550
762
536
959
733
394
641
414
820
1575
1269
1372
1114
1563
1560
1181
1376
1048
1579
1351
998
1207
900
1423
1189
836
1036
775
1243
1044
688
904
658
1091
2140
1835
1962
1527
2175
1912
1581
1753
1350
1952
1747
1362
1546
1199
1742
1562
1181
1371
1048
1579
1351
998
1207
901
1423
