200
148
238
205
178
197
120
187
220
144
206
66
148
227
122
207
49
160
210
120
210
45
163
237
117
477
337
495
400
378
473
285
484
409
354
488
245
486
438
341
497
227
486
456
326
490
168
488
481
307
763
531
832
619
586
786
495
867
647
580
827
463
869
659
581
843
426
874
701
566
760
353
775
653
495
1153
776
1225
865
808
1170
742
1239
891
794
1079
658
1144
844
739
997
573
1062
793
683
916
506
963
739
631
1483
1028
1598
1123
1028
1371
931
1471
1038
937
1272
832
1344
958
864
1170
742
1239
891
794
1079
658
1144
844
739
