177
123
193
157
146
119
66
124
123
103
79
7
67
96
70
77
0
42
114
55
118
2
53
153
54
439
317
460
391
359
431
267
426
386
331
432
205
398
392
297
427
152
383
408
250
431
97
386
415
235
773
526
820
635
609
791
475
827
667
600
823
422
843
694
581
841
387
855
722
569
738
300
736
657
486
1275
806
1353
931
867
1281
766
1359
962
857
1163
663
1222
902
790
1050
561
1088
851
725
952
467
982
790
644
1678
1128
1806
1259
1140
1541
1001
1647
1154
1021
1413
876
1502
1055
932
1281
770
1359
962
857
1163
661
1222
901
790
