177
123
196
157
148
118
56
129
121
100
80
16
81
101
67
88
0
44
117
59
127
2
55
157
54
453
317
462
385
362
450
267
426
392
329
422
205
416
400
299
447
152
388
404
256
442
100
396
424
229
773
526
823
635
609
795
475
835
667
600
825
422
869
694
581
851
387
854
722
568
748
300
736
667
482
1275
807
1356
933
868
1284
774
1372
962
857
1163
666
1222
902
790
1059
568
1102
851
725
960
467
989
790
646
1678
1128
1806
1259
1140
1541
1001
1664
1154
1023
1413
881
1518
1061
935
1281
764
1359
972
857
1163
665
1223
904
790
