177
123
192
157
147
116
56
126
118
97
79
14
65
100
65
77
0
38
115
55
105
2
53
142
54
450
317
459
385
360
425
267
426
387
329
422
205
402
398
297
423
149
388
400
252
433
100
390
421
228
773
526
820
635
609
792
475
830
667
600
825
422
843
694
581
843
387
854
722
563
748
300
736
659
478
1275
807
1353
933
867
1281
770
1359
962
857
1163
661
1222
902
790
1050
560
1088
851
725
953
467
987
784
646
1678
1128
1806
1259
1140
1541
1001
1655
1154
1020
1413
877
1502
1055
932
1281
764
1359
962
857
1163
663
1222
904
790
