177
125
189
159
150
114
59
123
123
100
77
10
68
96
68
72
0
42
110
56
108
2
50
158
54
439
317
459
387
363
425
267
426
385
333
428
205
398
391
303
424
149
386
397
255
431
100
389
409
229
773
526
820
635
609
791
475
827
667
600
822
422
841
694
581
839
387
854
722
561
733
300
737
661
486
1275
807
1353
931
867
1281
763
1359
962
857
1163
661
1222
900
790
1050
560
1088
850
725
953
467
987
790
642
1678
1128
1806
1259
1140
1541
1001
1647
1154
1021
1413
876
1502
1055
932
1281
763
1359
962
857
1163
661
1222
900
790
