177
123
190
157
144
114
57
117
118
96
77
7
67
96
66
74
0
42
108
55
111
2
52
142
54
439
317
459
385
359
425
267
425
383
329
426
205
398
392
297
427
149
382
396
250
431
97
386
413
228
773
526
820
635
609
791
475
827
667
600
822
422
841
686
581
838
387
854
722
565
733
300
736
657
482
1275
806
1353
931
867
1281
763
1359
962
857
1163
661
1222
900
790
1050
560
1088
850
725
952
467
982
783
644
1678
1128
1806
1259
1140
1541
1001
1647
1154
1021
1413
876
1502
1055
932
1281
766
1359
962
857
1163
661
1222
901
790
