187
145
200
199
172
161
110
169
192
120
158
90
113
169
117
178
45
127
182
100
187
37
114
210
100
474
332
481
402
377
467
271
460
428
356
463
252
451
418
323
455
173
464
451
311
469
144
458
468
283
755
527
830
628
604
779
493
843
659
597
816
460
859
698
580
849
410
869
720
571
740
333
789
672
498
1193
789
1281
896
842
1211
750
1295
920
828
1105
653
1186
866
769
1019
576
1076
824
707
926
496
973
778
638
1562
1074
1685
1187
1080
1445
964
1549
1088
979
1325
846
1419
995
900
1216
750
1286
922
828
1108
653
1166
866
769
