163
141
138
126
195
8
29
21
20
56
0
0
0
0
0
0
0
0
0
0
0
0
0
0
0
832
689
709
536
902
560
409
458
335
730
307
197
230
159
507
82
59
52
43
350
3
0
22
0
153
2035
1666
1713
1260
2102
1835
1323
1484
992
1868
1643
940
1338
747
1714
1531
596
1197
552
1724
1025
239
772
268
1252
3807
3056
3251
2417
3802
3699
2721
3214
2238
3829
3148
2166
2632
1777
3268
2595
1609
2139
1311
2736
2060
1060
1687
915
2222
5664
4713
5123
3780
5759
4967
3963
4442
3220
5036
4314
3312
3802
2718
4418
3699
2721
3197
2239
3829
3148
2161
2630
1778
3269
