163
141
138
126
195
8
29
21
20
56
0
0
0
0
0
0
0
0
0
0
0
0
0
0
0
833
689
709
536
902
560
409
458
335
736
309
197
230
159
507
85
59
52
43
355
3
0
22
0
153
2035
1666
1713
1260
2102
1836
1323
1485
992
1868
1643
940
1340
747
1714
1531
596
1197
552
1719
1026
239
781
268
1258
3813
3056
3252
2417
3802
3699
2722
3214
2239
3836
3148
2169
2632
1775
3272
2595
1609
2135
1319
2737
2072
1060
1687
922
2227
5664
4713
5123
3780
5759
4967
3963
4442
3220
5036
4314
3312
3802
2720
4418
3699
2721
3197
2238
3829
3149
2162
2630
1779
3269
