163
141
138
126
195
8
29
21
20
56
0
0
0
0
0
0
0
0
0
0
0
0
0
0
0
832
689
709
536
902
560
409
458
336
733
312
197
230
159
507
89
59
52
43
350
3
0
22
0
153
2035
1666
1713
1260
2101
1824
1323
1483
992
1868
1643
940
1342
747
1714
1531
596
1197
552
1732
1026
240
772
269
1258
3813
3056
3252
2417
3802
3699
2721
3215
2239
3830
3147
2166
2630
1779
3272
2595
1610
2139
1314
2736
2069
1060
1687
915
2224
5664
4713
5123
3780
5759
4967
3963
4442
3220
5036
4315
3312
3802
2725
4418
3699
2721
3197
2240
3833
3150
2162
2639
1778
3271
