144
105
151
123
119
48
25
45
51
42
0
0
0
0
0
0
0
0
2
0
0
0
0
33
0
487
297
531
383
344
388
218
418
355
275
308
129
346
326
207
304
50
268
327
134
330
0
210
368
76
1072
630
1153
795
707
1041
505
1095
798
637
1036
392
1076
829
582
1073
313
1087
870
564
896
165
871
750
429
1866
1120
2028
1370
1200
1904
1015
2047
1405
1172
1681
807
1781
1276
1006
1461
636
1552
1138
840
1261
447
1302
1000
679
2641
1686
2856
1930
1706
2381
1451
2568
1737
1509
2150
1220
2297
1564
1331
1904
1015
2047
1405
1172
1681
807
1781
1276
1006
