144
105
151
123
120
48
25
45
51
43
0
0
0
0
0
0
0
0
2
0
0
0
0
33
0
488
299
531
384
344
389
218
416
356
275
309
129
345
339
207
301
50
270
321
122
332
0
225
371
76
1072
630
1151
790
709
1036
504
1095
799
642
1038
396
1076
829
585
1074
312
1085
873
564
903
165
874
753
424
1866
1120
2028
1370
1200
1905
1015
2047
1405
1175
1681
807
1781
1276
1006
1462
636
1552
1148
848
1261
447
1302
1006
680
2641
1686
2856
1930
1706
2381
1451
2568
1737
1510
2150
1220
2297
1565
1332
1904
1015
2047
1405
1174
1681
807
1782
1278
1006
