144
105
151
123
120
48
25
45
51
44
0
0
0
0
0
0
0
0
2
0
0
0
0
33
0
487
297
531
380
344
389
218
420
353
269
308
129
346
319
206
303
50
266
323
134
327
0
207
368
80
1069
630
1146
789
707
1035
504
1095
795
637
1036
393
1073
829
582
1070
312
1083
866
564
887
165
870
751
421
1866
1120
2028
1370
1200
1904
1015
2047
1405
1171
1681
807
1781
1276
1006
1462
636
1552
1136
848
1261
447
1302
997
678
2641
1686
2856
1930
1706
2381
1451
2568
1737
1509
2150
1220
2297
1564
1334
1904
1015
2047
1405
1171
1681
807
1781
1276
1006
