144
105
151
123
120
48
25
45
51
46
0
0
0
1
0
0
0
0
2
0
0
0
0
36
0
487
298
531
384
344
390
218
421
356
275
320
129
351
336
207
308
50
272
326
134
327
0
226
369
85
1071
630
1146
791
709
1035
504
1104
795
641
1036
396
1079
833
587
1076
316
1083
866
564
892
170
877
760
425
1866
1123
2028
1373
1200
1904
1015
2047
1405
1171
1681
807
1781
1277
1007
1462
636
1552
1149
849
1261
448
1302
1003
678
2641
1686
2856
1930
1706
2381
1451
2568
1737
1509
2150
1220
2297
1564
1334
1904
1015
2047
1405
1171
1681
807
1781
1277
1006
