144
105
151
123
119
48
25
45
52
42
0
0
0
0
0
0
0
0
2
0
0
0
0
35
0
487
297
532
383
344
388
218
429
355
275
309
129
348
326
207
304
50
270
327
134
330
0
210
386
76
1072
630
1157
795
707
1041
505
1095
798
637
1036
394
1076
832
590
1075
323
1087
871
564
898
165
871
750
432
1866
1120
2028
1370
1200
1904
1015
2047
1405
1177
1681
807
1781
1278
1006
1462
636
1552
1141
840
1263
453
1302
1000
679
2641
1686
2856
1930
1706
2381
1451
2568
1737
1509
2150
1220
2297
1564
1333
1904
1018
2047
1405
1174
1681
807
1781
1276
1006
