224
217
270
180
291
210
161
228
81
266
150
84
215
47
120
312
77
137
34
181
235
35
259
27
324
807
629
714
544
817
841
643
609
481
902
594
444
772
525
885
703
341
633
353
701
794
276
773
135
933
1887
1348
1465
1068
1688
1671
1190
1481
1080
1712
1502
1159
1377
1147
1749
1668
1104
1510
781
1822
1373
818
1090
623
1561
3113
2387
2772
1981
2941
2981
2318
2711
1995
3032
2665
1784
2422
1581
2720
2317
1447
1974
1409
2448
1945
1476
1495
932
2125
4376
3575
4209
2941
4475
3828
3114
3500
2555
3966
3670
2767
3048
2215
3470
2989
2074
2706
2003
3048
2678
1929
2336
1936
2650
