253
187
250
180
245
241
112
142
75
246
178
42
175
55
161
187
44
162
0
136
127
47
166
85
287
778
645
700
580
846
802
617
577
503
715
690
330
526
376
655
526
410
552
432
688
745
185
532
375
668
1625
1356
1373
1182
1640
1574
1165
1342
1013
1547
1496
985
1375
842
1949
1475
1046
1416
766
1669
1271
760
966
708
1234
2882
2355
2500
2079
2854
2887
2178
2600
2013
2900
2514
1859
2130
1495
2681
2097
1605
1934
1278
2082
1824
1207
1714
976
1938
4242
3509
3773
2835
4236
3639
2932
3290
2433
3716
3287
2613
2834
2140
3388
3093
2240
2455
1769
2939
2607
1763
2229
1612
2580
