175
141
153
130
196
44
40
23
39
93
3
0
0
0
0
0
0
0
0
0
0
0
0
0
0
654
530
567
446
708
476
344
375
284
574
336
183
217
168
446
158
70
171
65
341
109
1
63
5
222
1526
1241
1298
952
1536
1372
1021
1131
779
1454
1260
791
1088
601
1350
1220
654
1032
521
1355
920
306
753
275
1126
2720
2208
2349
1811
2757
2701
1985
2351
1708
2779
2307
1655
2016
1403
2433
1923
1289
1620
1075
2032
1592
907
1329
776
1705
3993
3358
3634
2711
4058
3527
2827
3182
2336
3575
3087
2392
2738
2004
3148
2703
1994
2345
1704
2780
2310
1605
1983
1369
2393
