175
143
153
130
207
28
44
55
39
68
0
0
0
0
1
0
0
0
0
0
0
0
0
0
0
664
529
567
443
708
513
355
375
293
591
329
191
235
168
470
208
70
91
64
296
79
0
175
0
191
1497
1243
1298
950
1548
1357
1048
1170
779
1404
1258
812
1076
616
1347
1224
590
1043
520
1371
879
374
749
282
1059
2721
2203
2359
1813
2759
2705
1994
2338
1691
2801
2333
1633
1979
1367
2396
1965
1212
1620
1059
2016
1589
890
1313
793
1699
3993
3358
3634
2708
4058
3550
2829
3171
2330
3574
3081
2392
2746
2005
3153
2703
1994
2345
1689
2782
2309
1615
2011
1364
2407
