157
143
153
130
185
44
35
23
33
91
0
0
0
0
0
0
0
0
0
0
0
0
0
0
0
676
531
567
451
708
451
344
375
284
574
354
183
247
168
501
150
70
99
65
319
65
0
92
0
282
1528
1242
1298
950
1535
1357
1021
1185
779
1392
1281
802
1054
602
1343
1235
625
1002
520
1353
906
258
753
269
1079
2720
2212
2354
1811
2753
2703
1994
2344
1686
2757
2309
1636
2012
1382
2408
1948
1204
1652
1046
2080
1597
946
1341
767
1710
3993
3358
3632
2707
4058
3550
2827
3171
2328
3577
3111
2402
2737
2016
3153
2672
1994
2330
1699
2794
2299
1616
1971
1366
2401
