258
240
231
272
369
258
252
266
162
290
272
184
278
187
241
331
126
203
186
324
367
152
401
153
177
650
514
636
422
645
554
515
551
461
508
648
451
598
389
594
626
409
608
372
641
596
314
501
353
706
1113
899
1063
761
1256
1061
904
971
744
1155
1065
768
896
704
1102
1066
818
1109
775
1275
959
733
768
642
1051
1740
1434
1697
1328
1719
1797
1418
1490
1296
1710
1567
1196
1510
1007
1562
1289
1039
1288
854
1512
1191
874
1070
851
1314
2359
1943
2030
1712
2371
2068
1871
1991
1460
2167
1944
1568
1726
1305
2044
1731
1413
1749
1143
1759
1571
1154
1436
1016
1533
