178
157
181
143
211
79
77
81
75
132
6
8
3
7
79
0
0
0
0
22
23
5
7
3
21
496
411
433
374
514
441
327
364
297
449
418
241
309
232
409
324
153
263
171
392
323
70
245
127
401
927
777
792
705
945
890
695
762
626
980
893
633
749
595
944
902
554
799
531
958
738
416
670
427
831
1578
1269
1372
1114
1574
1568
1182
1384
1054
1583
1366
998
1212
899
1425
1196
838
1044
773
1243
1046
695
903
671
1091
2140
1849
1991
1550
2206
1946
1627
1781
1350
1976
1747
1362
1574
1201
1750
1560
1181
1384
1054
1599
1351
1021
1221
902
1442
