194
134
198
172
151
163
76
162
151
104
139
33
123
147
83
149
11
83
167
73
160
11
93
195
78
467
326
486
397
372
469
269
469
405
343
467
223
449
414
313
460
170
450
428
290
466
125
452
446
258
768
527
841
628
604
788
488
857
654
592
811
446
875
684
576
846
400
876
711
561
741
320
748
648
483
1226
790
1286
903
842
1235
753
1322
929
828
1111
653
1190
866
769
1019
573
1085
820
702
935
491
972
771
636
1562
1075
1696
1190
1086
1461
972
1549
1106
984
1336
851
1416
1011
900
1225
750
1295
929
828
1107
653
1196
866
769
