194
134
218
175
153
162
73
177
152
111
137
36
122
155
95
153
13
103
163
75
165
11
99
203
82
466
326
490
399
372
479
269
461
405
348
455
223
436
422
312
471
171
464
429
289
473
125
456
451
270
767
527
831
628
604
787
488
857
654
592
818
446
868
684
579
865
400
873
716
561
756
320
778
648
481
1210
789
1320
907
842
1251
753
1326
925
828
1127
657
1190
869
769
1034
573
1093
824
702
949
491
985
771
636
1590
1075
1719
1187
1086
1453
972
1583
1099
980
1356
853
1416
1012
900
1245
757
1295
935
828
1113
653
1183
866
769
