182
134
201
180
158
151
82
167
153
118
152
46
117
149
89
162
16
101
177
84
177
11
108
196
82
478
326
490
400
373
478
269
474
405
348
461
223
456
419
316
457
171
462
421
291
475
126
449
443
273
773
527
838
628
604
798
488
859
654
592
828
446
865
684
577
868
400
896
706
567
778
320
781
657
486
1204
789
1299
914
842
1247
760
1313
927
828
1115
656
1192
866
769
1028
573
1081
824
702
948
492
992
771
636
1590
1082
1719
1207
1083
1481
972
1596
1111
985
1359
853
1419
1008
900
1216
755
1321
936
828
1128
654
1190
866
769
