224
252
238
195
307
260
128
215
193
350
309
158
286
141
217
204
200
224
92
363
229
66
345
126
347
631
509
532
540
651
545
441
522
411
571
483
490
408
391
643
610
357
500
318
665
622
375
564
367
578
1143
967
973
763
1165
1115
861
1007
860
1091
1091
843
1020
746
1099
1154
693
1040
718
1147
965
582
757
656
1059
1771
1490
1642
1423
1849
1817
1330
1615
1231
1871
1630
1212
1535
1143
1606
1442
1018
1390
862
1494
1214
994
1126
908
1301
2468
2087
2258
1759
2572
2207
1923
1996
1559
2252
1960
1649
1883
1394
1977
1816
1443
1676
1256
1901
1561
1193
1467
1074
1654
