181
134
193
170
147
148
73
139
141
103
131
29
96
140
65
135
12
83
146
68
140
11
80
185
76
466
326
481
397
372
459
269
454
404
345
444
223
428
409
312
448
171
427
420
286
458
125
424
430
253
755
527
830
628
604
778
488
843
654
592
803
445
852
681
577
825
400
856
703
561
734
320
740
648
481
1193
789
1281
892
842
1211
750
1286
920
828
1101
653
1166
866
769
1008
573
1069
820
702
913
491
971
768
634
1562
1074
1685
1187
1077
1445
962
1549
1088
979
1325
846
1416
995
900
1211
750
1286
920
828
1101
653
1166
866
769
