188
134
200
167
148
149
77
157
144
98
133
33
115
138
65
138
14
84
152
68
149
11
82
179
76
466
326
481
397
372
459
269
458
405
348
444
223
438
409
316
448
171
426
425
283
458
125
431
435
255
755
527
833
628
604
778
488
843
654
592
808
445
852
681
577
839
400
871
708
561
732
320
751
648
480
1193
792
1281
902
842
1216
750
1286
928
828
1106
653
1173
866
769
1008
573
1075
820
702
932
491
972
769
637
1562
1074
1685
1187
1086
1445
962
1549
1095
979
1325
851
1416
997
900
1217
753
1286
924
828
1101
653
1173
866
769
