181
134
194
170
147
148
74
144
141
103
132
29
96
141
68
135
13
91
146
68
140
11
80
185
76
466
326
481
398
372
459
269
456
405
347
444
223
435
409
312
448
171
427
423
287
458
125
424
433
262
755
527
830
628
604
779
488
843
654
592
804
445
852
681
577
825
400
856
703
561
736
320
741
648
481
1193
789
1281
892
842
1211
750
1286
920
828
1101
653
1166
866
769
1008
573
1069
820
702
913
491
972
768
634
1562
1074
1685
1187
1081
1445
962
1549
1088
979
1325
849
1416
995
900
1211
750
1286
920
828
1101
653
1166
866
769
