181
134
196
174
150
153
76
151
145
106
132
32
96
142
68
135
19
91
159
69
151
11
80
185
76
466
326
482
398
373
459
269
456
405
347
444
223
435
411
312
450
171
430
427
287
459
125
439
433
265
755
527
830
628
604
779
488
843
654
592
816
446
852
684
577
832
400
856
703
561
736
320
741
648
481
1193
789
1281
897
842
1211
750
1286
920
828
1101
653
1166
866
769
1008
573
1069
820
702
917
491
972
768
634
1562
1074
1685
1187
1081
1445
962
1549
1088
979
1325
849
1416
995
900
1211
750
1286
923
828
1103
653
1166
866
769
