191
180
187
159
233
119
118
137
130
175
112
53
102
103
142
104
38
91
87
134
113
48
67
71
121
502
450
454
409
520
461
404
421
359
502
433
335
405
325
525
418
284
381
288
515
419
228
380
272
516
838
717
743
670
869
850
690
744
636
873
851
642
750
614
890
835
581
768
582
878
718
476
652
495
799
1306
1083
1189
956
1346
1289
1003
1190
935
1333
1181
872
1051
845
1218
1069
785
959
752
1102
958
692
858
668
998
1731
1513
1611
1284
1793
1586
1345
1466
1147
1626
1437
1167
1322
1028
1482
1293
1003
1188
935
1346
1181
872
1056
845
1208
