193
185
188
159
235
126
122
137
114
190
116
75
104
129
152
108
49
92
86
124
129
48
64
71
121
492
463
455
406
522
461
400
426
370
501
430
334
393
345
519
418
274
377
292
499
425
240
368
283
533
838
717
743
670
869
850
691
744
639
873
849
653
752
618
890
844
581
764
592
878
715
471
659
520
799
1306
1082
1188
956
1338
1286
1003
1184
935
1336
1181
872
1055
845
1208
1069
785
951
752
1102
962
701
858
669
1008
1731
1513
1611
1284
1793
1586
1345
1466
1143
1626
1431
1167
1327
1028
1490
1299
1003
1188
935
1346
1181
872
1057
845
1208
