197
187
193
155
239
122
130
146
114
190
115
78
97
104
132
108
49
92
86
124
129
48
64
71
121
495
450
454
408
522
459
393
426
359
501
427
334
388
345
519
418
274
390
301
499
421
240
369
283
538
838
717
743
670
869
850
691
744
639
873
850
653
747
618
890
844
581
766
592
878
713
473
659
520
799
1304
1082
1188
956
1337
1288
1010
1188
935
1333
1181
872
1051
845
1208
1069
785
951
752
1102
962
701
858
669
998
1731
1513
1611
1284
1793
1586
1345
1466
1139
1626
1431
1160
1320
1028
1482
1290
1003
1185
935
1337
1181
872
1057
845
1207
