173
157
165
150
202
77
60
87
71
132
18
0
8
29
67
13
8
7
3
27
45
17
18
15
43
468
422
444
378
494
428
339
380
310
445
395
273
327
261
413
345
188
293
215
416
346
130
288
177
438
857
733
765
667
912
846
675
737
643
897
863
629
742
600
914
871
555
760
552
918
733
422
649
456
803
1477
1199
1309
1029
1476
1460
1095
1301
984
1479
1258
938
1139
860
1329
1121
800
999
772
1173
1005
684
884
678
1038
1952
1697
1807
1425
2004
1771
1477
1613
1272
1807
1628
1294
1462
1117
1631
1459
1096
1301
982
1479
1260
941
1142
868
1329
