173
157
165
151
206
86
57
86
84
138
25
1
10
21
67
13
10
7
3
29
49
17
19
15
43
472
423
444
377
497
430
342
382
318
454
388
278
339
265
416
354
196
299
226
427
346
155
294
176
446
864
735
783
667
903
849
679
747
644
910
870
634
757
602
920
876
561
765
562
928
747
424
648
442
811
1477
1202
1309
1034
1476
1459
1099
1307
985
1479
1276
949
1156
872
1331
1126
814
1007
772
1178
1000
688
887
676
1043
1953
1698
1820
1429
2012
1771
1477
1623
1271
1816
1628
1294
1463
1121
1646
1464
1102
1301
990
1479
1262
951
1145
869
1334
