171
157
165
150
204
77
57
86
79
137
16
0
10
21
67
8
8
7
3
27
40
17
19
15
37
472
421
444
377
496
426
339
382
313
454
383
275
317
257
416
329
189
292
213
416
324
135
278
176
436
857
733
770
667
903
845
675
737
644
901
865
631
733
602
911
873
555
759
562
918
741
422
646
442
810
1477
1199
1309
1029
1476
1457
1094
1304
982
1479
1271
942
1143
869
1329
1124
800
1001
772
1173
1000
685
887
665
1042
1953
1698
1812
1425
2005
1771
1477
1623
1271
1808
1628
1294
1463
1118
1634
1457
1099
1301
985
1479
1262
939
1145
869
1331
