166
155
165
148
202
75
59
86
71
132
18
0
6
24
63
10
8
7
3
27
41
17
18
15
39
468
422
444
377
494
428
339
380
310
445
390
273
321
257
409
345
186
293
213
416
336
128
282
177
426
855
733
765
667
909
845
675
737
641
896
863
629
742
600
912
871
555
760
552
918
733
422
649
440
803
1477
1199
1309
1029
1476
1460
1095
1301
984
1479
1258
937
1139
860
1329
1121
799
999
772
1173
1005
684
884
670
1038
1952
1697
1807
1425
2004
1771
1477
1613
1272
1807
1628
1294
1462
1116
1631
1459
1096
1301
981
1479
1260
938
1139
863
1329
