164
154
165
147
202
75
56
86
71
132
18
0
6
24
63
9
8
7
3
27
40
17
18
15
39
468
422
444
377
494
425
336
380
310
445
390
273
319
257
409
340
185
291
213
412
336
128
277
174
425
855
730
762
667
908
845
675
735
641
896
863
629
734
600
912
871
555
760
552
918
728
422
649
440
803
1477
1199
1309
1029
1476
1459
1094
1301
983
1479
1258
937
1139
860
1329
1121
799
999
772
1173
1000
684
884
670
1038
1952
1697
1807
1425
2004
1771
1477
1613
1272
1807
1628
1294
1462
1116
1631
1459
1094
1301
981
1479
1260
936
1139
860
1329
