172
156
165
149
205
83
55
87
77
135
25
0
4
31
69
9
8
7
3
27
40
17
18
15
38
470
423
444
378
497
432
339
386
314
449
391
271
320
257
415
348
187
288
216
422
334
128
284
173
434
856
732
765
667
908
846
675
736
644
899
862
629
734
601
919
871
557
758
559
919
725
424
647
440
807
1477
1199
1309
1034
1476
1457
1099
1301
985
1479
1272
940
1143
863
1329
1121
806
1001
772
1173
1000
690
880
673
1041
1952
1698
1807
1425
2004
1771
1477
1613
1272
1808
1628
1294
1462
1119
1631
1459
1095
1301
989
1479
1266
941
1139
862
1329
