371
272
240
312
313
268
219
332
251
368
254
268
214
197
311
328
215
296
203
291
327
214
400
129
374
603
563
521
448
680
517
495
565
444
581
668
395
512
365
592
589
507
582
439
699
563
425
574
335
728
1020
931
840
883
993
930
845
895
743
971
994
677
984
716
972
948
714
912
658
1103
864
659
852
596
925
1591
1261
1367
1243
1477
1547
1201
1351
1101
1505
1346
1099
1209
1086
1341
1228
1074
1164
884
1203
1180
891
965
786
1153
2012
1677
1822
1587
2072
1750
1551
1694
1297
1807
1647
1363
1455
1205
1641
1459
1152
1381
1143
1545
1443
993
1222
991
1494
