319
311
320
244
368
311
208
354
242
338
327
157
330
255
306
279
174
325
117
286
350
220
377
179
397
643
514
527
460
586
681
505
584
467
532
643
444
590
483
560
571
418
760
420
675
605
433
524
395
702
1000
803
832
841
1040
967
811
937
780
1106
945
855
992
660
1064
977
704
893
646
1066
889
588
975
680
992
1445
1424
1314
1084
1504
1572
1213
1474
1086
1564
1402
1143
1302
1057
1487
1268
912
1112
955
1368
1115
916
959
801
1198
2102
1725
1927
1458
2003
1784
1541
1656
1392
1873
1593
1380
1499
1246
1763
1545
1120
1352
1063
1584
1352
1133
1251
956
1345
