306
225
268
275
252
231
276
275
208
315
304
224
316
191
379
259
155
289
102
289
254
151
242
230
290
552
535
484
481
611
545
478
566
384
583
571
391
464
396
647
609
409
514
422
658
618
373
455
403
632
1021
847
912
699
967
982
753
864
735
1004
975
702
833
745
1032
984
676
918
659
1034
891
560
815
644
878
1530
1194
1389
1099
1421
1497
1143
1359
1025
1476
1328
1053
1301
910
1322
1158
906
1108
823
1241
1065
731
945
681
1105
1920
1667
1712
1444
1939
1742
1476
1615
1304
1825
1622
1270
1473
1174
1621
1429
1166
1293
1004
1470
1413
1071
1260
986
1358
