193
160
171
154
211
110
89
97
85
153
37
26
46
59
90
52
22
24
42
78
82
38
36
37
67
487
448
461
392
512
440
377
412
331
481
405
303
365
288
466
367
241
326
257
468
376
167
301
215
481
853
775
762
663
899
841
706
780
641
862
856
637
756
613
900
849
574
758
568
910
718
454
655
465
787
1382
1173
1247
1051
1390
1357
1074
1269
976
1395
1199
966
1085
848
1247
1092
795
995
764
1113
968
690
892
680
1037
1848
1627
1718
1384
1930
1668
1441
1551
1242
1774
1517
1259
1422
1127
1555
1406
1077
1269
971
1392
1201
1012
1129
849
1292
