157
141
137
127
184
15
35
23
33
78
0
0
0
0
0
0
0
0
0
0
0
0
0
0
0
652
529
561
444
701
469
344
375
276
567
328
183
217
168
440
160
70
115
65
306
53
0
70
0
204
1514
1242
1274
955
1540
1355
1017
1132
779
1413
1261
743
1048
609
1357
1230
539
1009
512
1382
912
268
746
269
1059
2744
2209
2363
1816
2765
2689
1987
2354
1696
2787
2310
1610
1988
1380
2411
1946
1214
1636
1055
2036
1590
908
1320
773
1719
4002
3359
3637
2717
4059
3543
2827
3176
2332
3583
3106
2397
2750
2005
3168
2686
1993
2352
1693
2763
2310
1613
1980
1382
2411
