157
141
137
127
186
13
35
23
33
68
0
0
0
0
1
0
0
0
0
0
0
0
0
0
0
666
530
563
444
708
461
344
375
283
570
337
183
230
168
464
183
70
105
65
333
64
0
67
0
227
1510
1242
1291
960
1535
1365
1022
1139
779
1419
1275
771
1052
616
1376
1249
559
1006
516
1362
927
280
733
272
1068
2742
2211
2373
1812
2752
2707
1991
2354
1697
2771
2322
1621
1989
1386
2421
1952
1235
1655
1054
2043
1592
894
1330
777
1716
3995
3368
3645
2715
4069
3538
2839
3181
2342
3595
3098
2400
2753
2010
3178
2698
1998
2350
1698
2783
2319
1638
2001
1375
2409
