157
141
137
127
180
13
35
23
33
83
0
0
0
0
0
0
0
0
0
0
0
0
0
0
0
667
529
567
445
707
466
344
375
280
570
321
183
235
167
427
168
70
86
67
317
81
0
73
0
204
1512
1242
1281
957
1546
1370
1013
1140
779
1415
1276
746
1061
621
1366
1234
560
1026
516
1376
904
256
743
267
1082
2746
2206
2369
1822
2769
2701
2000
2351
1695
2775
2310
1615
1994
1388
2411
1962
1249
1643
1057
2049
1600
901
1344
787
1720
4014
3373
3648
2718
4066
3538
2843
3185
2342
3582
3121
2395
2762
2021
3172
2697
1996
2347
1696
2790
2320
1623
1991
1387
2415
