157
141
137
127
180
13
35
23
32
71
0
0
0
0
0
0
0
0
0
0
0
0
0
0
0
653
529
561
443
706
477
344
375
276
558
328
183
223
168
454
172
70
101
64
334
71
0
65
0
212
1520
1242
1287
958
1540
1354
1014
1138
779
1414
1263
757
1051
607
1365
1229
546
1026
526
1383
909
265
740
269
1075
2739
2210
2371
1811
2763
2700
1994
2363
1692
2784
2321
1621
1989
1388
2412
1949
1230
1643
1065
2045
1592
903
1333
771
1705
4002
3364
3642
2718
4070
3539
2831
3183
2332
3586
3106
2398
2753
2015
3161
2689
1995
2349
1689
2776
2323
1624
1984
1387
2415
