147
102
152
136
118
17
17
32
41
34
0
0
0
0
0
0
0
0
0
0
0
0
0
0
0
695
412
785
564
476
530
254
571
461
333
341
121
378
381
209
200
36
219
322
74
237
0
145
335
0
1741
937
1893
1216
1095
1598
739
1732
1203
912
1557
518
1628
1201
767
1628
328
1577
1310
665
1309
137
1139
1091
428
3187
1793
3464
2270
1918
3204
1557
3472
2324
1835
2780
1193
2974
2054
1513
2408
843
2487
1805
1240
1994
562
2043
1556
936
4651
2862
5054
3322
2876
4163
2395
4483
2943
2508
3667
1966
3975
2618
2155
3204
1558
3472
2324
1825
2780
1193
2974
2052
1513
