147
102
152
136
118
17
17
32
41
34
0
0
0
0
0
0
0
0
0
0
0
0
0
0
0
695
412
785
564
476
530
254
571
461
333
341
121
377
381
209
211
36
215
325
75
230
0
145
335
0
1741
937
1893
1216
1095
1598
739
1732
1203
912
1557
518
1628
1205
767
1630
328
1572
1312
662
1309
137
1139
1091
428
3186
1793
3464
2270
1918
3204
1557
3472
2324
1835
2780
1193
2974
2054
1513
2410
843
2487
1810
1240
1994
562
2041
1556
936
4651
2862
5054
3322
2876
4163
2397
4483
2943
2508
3667
1966
3975
2618
2155
3204
1558
3472
2324
1825
2780
1193
2974
2048
1513
