226
174
268
232
183
274
171
297
293
215
226
129
265
226
178
347
73
285
181
157
209
110
332
281
146
616
370
566
424
407
588
357
613
479
397
614
284
644
547
347
552
267
674
557
316
584
187
655
560
358
958
615
1103
865
730
1031
667
1060
849
701
1052
578
1086
786
627
1108
474
1074
950
626
1017
353
1041
873
560
1587
1052
1658
1216
1049
1578
993
1724
1286
1022
1431
782
1547
1143
960
1220
677
1374
1031
898
1190
611
1202
915
695
2119
1490
2222
1567
1479
1931
1200
2058
1422
1362
1729
1070
1947
1303
1192
1572
989
1639
1260
1039
1418
896
1507
1087
992
