178
117
177
135
136
88
41
80
105
65
40
7
18
22
24
26
1
0
29
9
33
0
12
98
7
449
309
481
370
347
394
227
445
350
283
385
157
359
342
242
374
94
346
372
232
388
21
340
390
178
896
525
954
687
595
881
474
917
700
589
895
412
938
740
578
930
356
938
772
530
770
273
784
689
434
1486
913
1570
1101
980
1525
848
1598
1140
951
1330
697
1426
1024
833
1197
584
1252
936
744
1072
458
1087
858
656
1994
1306
2149
1502
1344
1812
1150
1984
1358
1198
1643
1000
1746
1237
1067
1491
842
1600
1128
948
1325
696
1426
1025
833
