161
116
169
135
136
88
52
80
77
77
30
7
30
41
34
10
0
21
29
7
36
0
3
86
7
446
309
485
375
355
400
227
414
350
288
367
166
373
359
243
388
84
354
373
201
418
22
337
433
190
891
523
947
668
622
881
467
917
680
589
895
412
910
724
560
942
346
938
789
556
782
241
778
679
429
1486
913
1570
1097
977
1494
851
1598
1136
951
1326
696
1426
1024
833
1193
642
1257
923
744
1051
483
1107
871
645
1994
1314
2149
1518
1363
1812
1150
1948
1358
1193
1643
993
1758
1253
1079
1491
851
1600
1140
950
1325
696
1426
1029
833
