207
137
230
188
159
189
88
190
175
114
176
46
161
183
110
195
33
158
206
102
222
31
141
222
85
482
330
499
404
377
474
277
487
404
351
466
228
478
427
330
478
193
489
426
300
491
151
483
455
289
770
531
836
619
586
804
488
866
642
579
820
449
879
657
574
848
415
875
697
557
759
338
775
639
486
1183
776
1247
876
808
1205
742
1255
898
794
1101
658
1161
844
739
1004
570
1069
793
682
932
493
973
745
623
1520
1038
1638
1147
1032
1394
938
1488
1056
937
1300
837
1367
969
864
1201
742
1268
898
794
1094
659
1164
844
739
