353
298
304
362
271
218
264
167
130
315
121
245
328
181
418
151
170
101
67
307
135
171
293
208
385
519
571
638
408
568
601
526
745
397
643
577
387
389
339
707
678
325
424
397
793
500
297
522
379
559
857
803
785
739
899
951
862
787
723
1070
1041
736
844
696
1030
906
712
918
597
945
788
507
962
510
894
1507
1450
1495
975
1511
1671
1191
1295
1038
1685
1360
1019
1248
850
1439
1183
886
1035
784
1433
1141
718
933
687
1072
2119
1846
1875
1350
2012
1646
1463
1861
1294
1742
1819
1397
1630
1135
1661
1507
1217
1601
990
1482
1268
1045
1283
853
1749
