228
151
151
136
201
46
40
50
77
106
0
0
0
0
2
0
0
0
0
0
0
0
0
0
0
616
465
518
378
672
459
327
364
575
504
859
218
256
197
452
617
92
171
95
299
150
17
142
111
465
1410
1068
1127
829
1379
1203
854
948
722
1228
1169
684
901
582
1165
1095
548
880
544
1233
862
286
1067
325
984
2514
1806
2065
1523
2383
2226
1724
1917
1419
2259
1898
1360
1646
1279
1972
1635
1142
1382
979
1695
1359
781
1157
751
1505
3218
2777
3049
2215
3252
2858
2279
2915
1919
2958
2485
1941
2235
1669
2882
2312
1649
1915
1428
2259
1883
1730
1851
1168
1986
