292
168
367
144
233
119
156
131
78
158
43
0
24
170
81
77
0
0
0
35
3
0
0
0
59
501
430
769
374
682
502
324
419
592
492
492
580
533
267
439
400
167
280
347
448
350
60
283
218
404
1190
980
864
709
1074
1125
753
1163
614
1020
940
731
789
574
1076
935
627
822
588
1075
933
402
756
408
871
1694
1512
1717
1201
1795
1802
1360
1685
1216
1729
1539
1098
1675
965
1746
1461
1027
1266
907
2531
1091
732
1010
680
1324
2441
2266
2761
1683
2740
2136
1804
2294
1470
2289
1961
1890
1801
1386
2544
1834
1334
1527
1160
1783
1535
1239
1329
1079
1696
