246
155
214
175
180
189
114
168
170
135
223
72
202
191
40
150
73
185
217
46
173
57
230
214
92
617
366
636
542
397
644
331
608
482
369
575
260
529
450
268
485
250
589
576
302
553
293
593
565
318
1171
682
1232
931
822
1210
666
1353
866
733
1292
588
1248
975
698
1189
499
1353
1034
732
1086
279
1036
938
511
1948
1200
2146
1399
1269
1987
1242
2145
1513
1389
1766
967
1849
1375
1069
1630
748
1709
1213
980
1473
594
1461
1102
792
2721
1763
2886
2061
1740
2478
1524
2631
1823
1642
2223
1489
2349
1636
1365
2015
1081
2163
1497
1287
1830
923
1923
1364
1034
