231
158
289
171
164
177
115
227
198
99
297
55
319
261
144
198
24
229
352
59
363
38
278
295
44
678
386
711
572
444
562
312
745
512
420
723
235
554
525
355
711
242
559
518
346
665
127
734
631
414
1193
715
1294
966
903
1211
728
1269
938
775
1309
680
1243
986
751
1229
623
1357
1039
747
1087
460
1163
846
560
1966
1244
2205
1482
1246
2089
1281
2166
1588
1284
1788
1099
1939
1487
1130
1735
978
1670
1306
1005
1508
709
1460
1171
974
2819
1806
2993
2029
1873
2531
1504
2771
1888
1687
2317
1402
2419
1732
1502
2041
1151
2154
1600
1426
1871
1033
1916
1408
1164
