184
176
180
154
218
122
101
115
106
155
82
52
57
57
114
78
36
54
40
97
98
48
60
52
96
493
450
454
406
520
452
394
420
359
501
420
329
381
322
506
402
261
365
285
501
400
210
348
243
512
836
717
743
670
869
845
690
744
636
873
838
642
747
607
881
834
581
764
581
878
710
472
652
476
792
1304
1081
1188
956
1337
1283
1004
1184
935
1330
1181
872
1047
845
1203
1068
785
951
750
1091
946
692
859
666
998
1731
1513
1611
1283
1793
1586
1345
1466
1135
1626
1431
1160
1320
1028
1482
1283
1004
1185
935
1330
1181
872
1047
845
1202
