182
178
174
151
218
115
101
118
103
161
87
58
66
67
134
88
41
67
48
109
104
57
64
52
105
498
450
454
406
522
456
394
423
363
506
421
327
385
318
506
410
265
367
273
507
402
219
354
244
511
836
717
743
670
872
850
691
744
636
874
844
642
752
607
894
851
581
764
578
891
730
472
653
477
792
1307
1095
1188
956
1347
1286
1005
1187
936
1331
1185
880
1060
845
1223
1071
785
959
750
1105
945
692
865
667
1004
1733
1513
1611
1286
1796
1587
1346
1466
1139
1626
1435
1167
1331
1028
1482
1286
1009
1193
939
1343
1185
874
1057
845
1204
