184
176
175
153
218
122
100
115
98
155
82
48
57
57
114
78
36
54
40
93
96
48
60
52
96
492
450
454
406
520
452
394
420
359
501
417
329
380
322
502
402
260
364
278
499
400
201
341
240
505
836
717
743
670
869
845
690
744
636
873
838
642
747
607
880
833
581
764
578
878
710
471
652
476
792
1304
1081
1188
956
1337
1283
1003
1184
935
1330
1181
872
1047
845
1202
1068
785
951
750
1091
946
692
859
666
993
1731
1513
1611
1283
1793
1586
1345
1466
1135
1626
1431
1160
1320
1028
1482
1283
1004
1185
935
1330
1181
872
1047
845
1202
