177
146
195
171
164
115
100
122
131
127
77
56
70
133
84
79
23
27
143
94
129
6
72
173
84
439
321
459
405
362
433
267
425
396
332
433
210
398
402
303
429
165
402
418
275
448
114
416
453
256
776
529
820
635
609
806
488
827
670
600
841
422
841
686
581
856
387
893
722
574
775
301
743
658
494
1275
803
1353
931
867
1281
763
1376
975
857
1163
661
1229
902
790
1050
560
1097
852
725
963
467
989
790
652
1678
1128
1806
1259
1140
1541
1001
1647
1154
1025
1413
876
1502
1055
932
1281
763
1359
970
857
1163
661
1223
900
790
