157
141
137
130
187
29
42
61
58
93
0
0
0
18
3
0
0
0
0
0
0
0
0
0
0
648
593
570
446
740
495
355
397
302
602
329
187
290
168
484
187
74
170
84
335
70
0
77
4
198
1541
1292
1270
957
1550
1393
1008
1131
781
1439
1266
739
1074
615
1371
1238
538
1025
527
1408
908
269
718
278
1097
2733
2274
2362
1819
2760
2700
2002
2348
1704
2773
2302
1641
1991
1387
2417
1958
1236
1642
1095
2069
1583
911
1344
805
1723
3994
3358
3635
2717
4058
3535
2829
3171
2342
3585
3106
2402
2748
2007
3160
2700
2002
2340
1704
2773
2302
1641
1991
1387
2417
