186
158
171
149
211
109
75
92
85
144
65
32
33
45
90
49
27
24
42
52
115
26
37
37
68
490
448
463
400
505
431
370
412
346
477
401
310
377
283
473
370
236
328
241
455
376
167
310
232
459
853
740
807
663
857
853
690
750
641
906
856
646
750
618
879
844
574
761
573
900
720
458
649
474
787
1380
1208
1286
1045
1393
1357
1037
1311
954
1400
1215
929
1094
869
1245
1086
804
1039
764
1114
968
692
874
680
995
1848
1596
1705
1370
1918
1668
1441
1579
1242
1725
1517
1225
1394
1091
1548
1357
1074
1269
970
1392
1250
928
1094
847
1298
