191
159
171
151
207
109
76
90
97
156
69
21
44
47
89
49
23
22
21
74
82
26
36
37
76
490
449
461
398
512
449
376
409
338
481
404
311
366
291
473
370
246
328
257
469
372
166
310
215
465
827
765
807
663
895
853
691
745
641
891
849
637
750
625
879
844
583
760
573
902
706
447
674
473
794
1382
1173
1286
1017
1403
1357
1036
1313
955
1395
1215
943
1155
847
1291
1092
805
991
764
1114
968
698
864
680
994
1848
1648
1746
1405
1893
1668
1430
1625
1267
1754
1517
1253
1430
1107
1548
1356
1077
1269
968
1397
1199
904
1095
847
1256
