195
163
175
163
210
131
92
114
100
158
78
33
52
60
122
70
23
30
21
76
84
35
53
37
84
492
452
462
392
514
451
377
412
337
485
426
309
369
297
481
404
250
350
259
474
402
195
344
213
488
848
734
762
663
862
848
691
754
640
885
865
642
766
613
900
864
582
786
574
918
767
468
667
477
827
1384
1141
1261
995
1402
1367
1042
1259
963
1414
1231
910
1135
850
1261
1086
807
996
764
1138
988
705
892
673
1027
1849
1599
1707
1353
1905
1676
1406
1543
1204
1719
1524
1225
1394
1067
1556
1374
1045
1246
965
1410
1225
912
1109
847
1261
