196
164
182
163
219
144
96
105
101
163
77
35
57
57
125
71
30
42
37
102
92
28
41
37
107
500
449
463
398
518
457
377
414
341
489
451
308
378
302
495
409
248
345
261
468
402
209
343
225
509
849
734
759
663
861
848
696
756
638
887
871
643
775
615
901
886
583
793
578
917
747
465
680
480
822
1391
1141
1269
992
1390
1365
1047
1264
962
1418
1221
904
1117
849
1272
1107
807
987
764
1133
986
705
903
677
1013
1854
1603
1707
1362
1900
1685
1410
1541
1214
1725
1518
1225
1402
1072
1552
1373
1044
1259
969
1413
1233
912
1121
851
1259
