205
165
182
162
223
157
97
123
111
158
57
29
77
52
123
59
26
46
29
93
86
29
53
37
98
505
452
462
392
518
471
377
414
339
496
442
308
380
303
486
426
248
353
266
480
424
208
341
230
501
843
733
771
663
865
860
697
756
641
888
866
645
780
618
913
883
595
785
582
915
774
473
672
487
837
1397
1141
1274
993
1404
1378
1048
1272
963
1409
1232
921
1108
848
1260
1098
815
1005
768
1153
1005
698
886
674
1034
1854
1615
1711
1358
1911
1680
1407
1548
1212
1746
1536
1225
1403
1075
1563
1385
1047
1234
966
1397
1212
909
1126
854
1273
