170
155
165
149
205
83
55
86
77
132
19
0
4
31
65
9
8
7
3
26
40
17
18
15
38
470
423
444
378
495
426
339
380
313
449
389
271
320
257
415
345
185
288
215
421
334
128
282
173
432
856
730
761
667
903
845
675
735
641
899
862
629
733
601
919
871
556
758
559
919
725
423
647
440
807
1477
1199
1309
1031
1476
1457
1094
1301
984
1479
1263
940
1139
863
1329
1121
806
1001
772
1173
1000
685
880
670
1041
1952
1698
1807
1425
2004
1771
1477
1613
1271
1807
1628
1294
1462
1116
1631
1457
1094
1301
989
1479
1266
940
1139
862
1329
