170
155
165
145
202
72
55
86
77
132
18
0
4
31
65
8
8
7
3
26
40
17
18
15
38
467
421
443
378
495
426
339
379
312
449
389
271
320
257
409
341
185
288
215
412
333
128
282
173
426
856
730
761
667
903
845
675
735
641
899
862
629
733
601
907
871
555
758
559
919
723
422
646
440
807
1477
1199
1309
1031
1476
1457
1094
1301
982
1479
1262
939
1139
863
1329
1120
803
1001
772
1173
1000
685
880
670
1040
1952
1698
1807
1425
2004
1771
1477
1613
1271
1807
1628
1294
1462
1115
1631
1457
1094
1301
984
1479
1265
940
1139
862
1329
