173
157
165
151
204
77
57
86
83
137
17
0
10
21
67
13
8
7
3
28
40
17
19
15
40
472
421
444
377
497
426
339
382
313
454
383
275
321
260
416
354
189
297
213
416
330
146
285
176
446
857
734
770
667
903
845
675
737
644
901
865
632
739
602
918
873
555
759
562
918
743
422
648
442
811
1477
1202
1309
1032
1476
1459
1094
1304
985
1479
1276
942
1143
869
1329
1124
800
1004
772
1173
1000
685
887
672
1042
1953
1698
1812
1425
2012
1771
1477
1623
1271
1808
1628
1294
1463
1121
1638
1464
1099
1301
985
1479
1262
939
1145
869
1331
