153
104
148
125
123
36
21
48
50
46
0
0
0
1
0
0
0
0
0
0
0
0
0
22
0
563
352
622
477
404
424
217
518
393
303
340
125
371
360
254
324
43
297
371
143
306
0
205
369
75
1308
725
1396
943
823
1277
585
1342
932
762
1236
438
1264
992
689
1262
303
1296
1033
604
1055
170
948
871
424
2309
1347
2514
1661
1447
2342
1198
2548
1732
1413
2037
944
2204
1544
1178
1796
704
1885
1371
988
1527
494
1583
1226
813
3311
2070
3601
2394
2107
2991
1768
3207
2135
1853
2657
1473
2863
1927
1612
2342
1198
2548
1732
1413
2037
944
2204
1544
1178
