138
104
148
125
115
35
21
38
42
42
0
0
0
0
0
0
0
0
0
0
0
0
0
22
0
562
335
622
462
389
418
217
476
381
294
338
125
363
360
232
267
43
236
340
138
294
0
172
356
66
1285
721
1396
936
823
1216
585
1305
929
739
1232
431
1261
992
675
1252
297
1264
1032
604
1031
164
948
870
424
2307
1341
2514
1661
1447
2336
1190
2526
1720
1392
2031
922
2198
1529
1156
1776
698
1851
1355
988
1527
492
1563
1189
782
3311
2070
3601
2394
2107
2974
1763
3207
2129
1847
2655
1473
2861
1914
1612
2336
1190
2526
1720
1392
2031
922
2198
1532
1156
