188
134
200
170
148
153
77
157
147
102
141
33
116
138
65
140
14
84
152
68
153
11
82
179
76
466
326
481
397
372
459
269
458
405
348
444
223
438
409
316
448
171
426
425
288
459
125
431
439
261
756
527
833
628
604
778
488
843
654
592
808
445
859
681
577
839
407
874
709
561
740
320
751
648
481
1193
795
1317
903
842
1216
750
1286
928
828
1106
653
1190
866
769
1008
573
1075
820
702
937
491
972
771
637
1562
1074
1685
1187
1086
1445
962
1549
1104
981
1325
852
1416
997
900
1223
753
1322
924
828
1104
653
1181
866
769
