181
134
195
170
150
140
75
137
147
107
130
30
98
134
73
139
13
79
158
68
157
11
82
179
77
466
326
479
397
373
459
269
453
405
348
445
223
428
414
314
448
171
424
428
289
458
129
428
439
265
755
527
830
628
604
778
488
843
654
592
803
445
852
684
579
825
400
856
703
567
732
320
740
648
481
1193
789
1281
892
842
1211
750
1286
920
828
1101
653
1166
866
769
1008
573
1069
820
702
913
491
968
768
634
1562
1074
1685
1187
1077
1445
962
1549
1088
979
1325
846
1416
995
900
1211
750
1286
920
828
1101
653
1166
866
769
