181
134
193
170
148
140
72
137
142
105
127
30
92
134
70
139
9
77
152
68
140
11
80
179
76
466
326
479
397
372
459
269
453
405
343
444
223
428
409
314
448
170
424
421
285
458
125
424
433
260
755
527
830
628
604
778
488
843
654
592
803
445
852
681
577
825
400
856
703
561
732
320
740
648
480
1193
789
1281
892
842
1211
750
1286
920
828
1101
653
1166
866
769
1008
573
1069
820
702
913
491
968
768
634
1562
1074
1685
1187
1077
1445
962
1549
1088
979
1325
846
1416
995
900
1211
750
1286
920
828
1101
653
1166
866
769
