194
134
207
170
151
159
77
162
147
102
141
33
121
144
65
140
14
95
160
71
153
11
82
187
76
466
326
481
397
373
462
269
467
405
348
444
223
452
414
317
461
171
435
425
289
460
125
431
440
261
768
527
833
628
604
778
488
843
654
592
808
446
876
681
577
839
407
874
709
561
741
320
758
648
481
1194
795
1317
910
842
1216
750
1322
928
828
1106
654
1190
866
769
1008
573
1081
823
706
941
491
972
771
638
1590
1074
1719
1200
1086
1445
965
1549
1104
981
1325
852
1433
1011
900
1231
754
1322
927
828
1123
654
1181
869
769
