314
174
287
239
211
305
194
237
278
229
315
195
292
298
192
300
112
292
266
190
354
154
309
341
146
563
358
552
448
443
500
382
592
486
401
562
301
589
478
426
606
274
525
520
375
642
299
537
580
355
851
625
970
729
717
916
596
966
716
724
1021
562
1090
777
633
935
585
978
813
602
876
408
908
827
508
1374
915
1392
1008
976
1349
891
1510
1100
937
1270
757
1354
1014
824
1189
709
1216
921
813
1058
596
1115
840
720
1775
1201
1857
1350
1316
1610
1101
1687
1237
1116
1509
977
1607
1137
1007
1344
841
1473
1066
945
1386
745
1358
966
837
