178
131
195
157
155
118
63
130
139
95
88
32
68
100
120
86
0
42
125
55
133
2
55
166
54
439
317
459
387
359
426
267
426
383
333
422
210
398
392
296
427
149
384
397
251
433
106
390
419
225
773
533
820
635
609
792
508
841
675
600
835
445
852
694
587
839
387
854
735
565
739
300
743
665
478
1275
879
1353
958
908
1292
763
1359
1017
874
1172
721
1222
928
790
1058
560
1088
853
725
952
500
987
805
646
1678
1205
1806
1324
1153
1541
1015
1647
1178
1038
1420
917
1502
1078
933
1332
806
1359
1017
857
1163
691
1222
904
790
