191
158
175
174
213
107
81
103
105
153
55
28
47
57
104
47
22
26
42
76
92
26
49
37
91
490
447
461
400
505
444
376
409
329
479
420
315
366
302
474
389
243
342
271
475
379
176
311
242
462
827
734
745
663
859
846
690
733
641
870
858
637
750
617
882
876
574
759
568
896
753
454
664
478
793
1384
1139
1247
982
1397
1361
1047
1244
954
1401
1207
917
1098
847
1267
1084
795
984
764
1117
979
690
871
673
998
1832
1596
1694
1349
1885
1666
1403
1535
1206
1711
1520
1222
1391
1060
1548
1362
1039
1241
954
1394
1207
920
1105
847
1247
