193
158
173
170
211
120
79
99
108
165
61
29
54
57
110
71
22
26
49
85
96
26
49
37
91
495
447
463
391
507
438
380
407
329
481
418
315
365
296
475
389
243
342
271
475
372
179
334
248
466
827
734
745
663
854
846
690
733
641
870
859
637
753
617
882
862
574
758
581
897
740
454
670
467
795
1385
1143
1248
982
1394
1370
1044
1237
954
1404
1207
920
1106
847
1250
1084
795
985
764
1130
979
690
882
673
994
1832
1596
1694
1349
1885
1666
1403
1535
1216
1711
1523
1224
1392
1058
1551
1360
1047
1245
954
1395
1207
920
1108
847
1247
