179
164
179
174
213
120
101
106
105
157
65
29
44
73
110
64
23
26
67
76
94
26
49
49
99
480
447
461
403
505
447
377
407
337
476
417
315
365
315
468
401
253
342
271
475
371
182
316
248
472
827
732
748
663
859
844
690
733
643
870
859
637
750
617
882
877
574
759
585
896
753
454
661
478
802
1380
1137
1247
982
1390
1361
1038
1231
954
1392
1207
922
1095
847
1248
1084
795
976
764
1130
968
690
872
673
1005
1832
1596
1694
1349
1885
1666
1403
1535
1214
1711
1516
1222
1389
1061
1548
1354
1039
1231
954
1392
1207
913
1097
847
1245
