196
168
165
169
220
86
64
112
94
148
21
27
28
45
87
27
10
16
17
39
59
17
18
20
45
468
428
444
376
497
435
339
380
316
457
397
275
316
264
433
352
196
298
216
429
343
161
286
189
449
877
748
771
667
915
872
675
732
644
923
870
633
756
602
922
891
555
760
560
950
742
422
662
444
842
1478
1202
1309
1033
1481
1460
1097
1309
987
1479
1296
966
1144
860
1332
1129
803
1012
772
1178
1017
688
886
675
1055
1952
1697
1807
1425
2004
1771
1477
1613
1274
1807
1629
1294
1468
1116
1631
1460
1097
1306
987
1479
1288
966
1144
860
1332
