197
183
188
162
235
132
115
142
122
190
115
79
96
117
148
108
65
89
86
118
129
48
85
71
121
492
461
455
406
522
459
397
426
370
501
430
334
391
345
519
422
274
390
336
521
430
260
377
283
533
838
717
743
670
869
850
691
744
639
873
850
653
754
618
890
843
589
766
592
878
718
476
659
520
799
1314
1082
1189
956
1337
1304
1003
1185
935
1332
1181
872
1055
845
1208
1069
785
959
752
1102
962
701
858
669
1008
1731
1513
1611
1284
1793
1586
1345
1466
1143
1626
1433
1163
1325
1028
1483
1300
1003
1188
935
1337
1181
872
1055
845
1208
