182
180
180
152
234
124
118
129
116
173
103
48
113
103
136
108
35
90
85
113
118
48
64
71
121
498
452
455
408
522
460
401
421
363
501
427
335
388
325
519
418
276
376
289
497
424
249
358
272
517
836
717
743
670
869
850
690
744
636
873
849
642
747
607
890
840
585
764
582
878
718
476
659
495
799
1304
1083
1189
956
1338
1293
1003
1187
935
1337
1181
872
1055
845
1208
1069
785
959
752
1092
964
694
858
668
991
1731
1513
1611
1284
1793
1586
1345
1466
1143
1626
1432
1167
1322
1028
1482
1290
1003
1187
935
1337
1181
872
1051
845
1208
