281
137
295
206
175
195
113
74
209
113
162
46
175
211
94
246
31
165
294
81
320
10
217
373
68
763
483
768
584
535
732
344
672
522
369
748
353
687
703
354
760
271
686
757
351
536
230
567
666
301
1417
994
1618
1028
916
1460
826
1607
1219
818
1411
648
1475
1095
790
1391
762
1498
1441
859
1230
592
1291
1141
648
2405
1607
2733
1726
1631
2520
1285
2630
2051
1526
2232
1108
2538
1766
1323
2079
961
2026
1547
1060
1601
827
1764
1426
997
3420
2167
3809
2606
2201
3137
1865
3357
2250
2100
2827
1679
2958
2032
1873
2532
1570
2637
1863
1440
2313
1153
2417
1838
1316
