147
102
152
136
118
17
17
32
41
34
0
0
0
0
0
0
0
0
0
0
0
0
0
0
0
695
412
785
564
476
533
254
571
461
333
343
121
378
381
209
210
36
219
327
75
241
0
159
335
0
1741
937
1893
1216
1095
1598
739
1732
1207
912
1557
518
1628
1210
767
1616
331
1580
1312
665
1300
137
1139
1091
428
3186
1793
3464
2270
1918
3204
1558
3472
2324
1841
2780
1193
2974
2052
1513
2410
843
2487
1805
1240
1994
562
2043
1556
938
4651
2862
5054
3322
2876
4163
2397
4483
2943
2508
3667
1969
3976
2618
2157
3205
1558
3472
2324
1831
2780
1193
2974
2056
1513
