147
102
152
136
118
17
17
32
41
34
0
0
0
0
0
0
0
0
0
0
0
0
0
0
0
695
412
785
564
476
530
254
571
461
333
346
121
378
382
209
217
36
215
342
75
257
0
145
335
0
1741
937
1893
1216
1095
1598
739
1732
1203
913
1557
518
1628
1205
767
1630
328
1572
1324
666
1309
137
1139
1100
428
3193
1793
3464
2270
1918
3204
1558
3472
2324
1841
2780
1193
2974
2056
1513
2410
843
2487
1811
1240
1994
563
2043
1556
939
4651
2862
5054
3322
2876
4163
2397
4483
2943
2508
3667
1971
3976
2618
2157
3204
1558
3472
2324
1825
2780
1193
2974
2048
1513
