280
203
260
243
222
266
192
266
268
195
244
168
296
280
183
285
97
311
296
197
286
58
249
333
167
556
372
596
482
407
585
350
575
489
416
529
380
623
487
356
555
314
572
591
342
645
316
629
571
334
933
650
1013
680
702
978
582
1004
824
636
983
555
992
810
688
1133
460
1009
801
614
873
432
881
736
531
1439
936
1560
1109
992
1477
886
1567
1109
954
1419
778
1487
1094
988
1224
704
1281
989
765
1100
601
1194
921
726
1904
1347
2035
1465
1287
1723
1165
1891
1338
1188
1612
997
1695
1273
1095
1460
883
1579
1191
1137
1406
837
1505
1155
872
