168
119
191
142
130
103
49
108
94
85
59
12
43
65
58
44
1
26
62
44
81
0
64
108
51
424
325
464
378
353
394
248
449
360
306
399
182
400
363
264
397
122
367
405
222
397
62
412
433
204
822
519
890
662
607
833
472
872
686
597
850
427
862
708
572
886
373
916
738
564
781
281
764
677
453
1351
876
1461
1008
922
1377
825
1494
1072
897
1246
699
1331
943
833
1121
567
1184
882
739
996
471
1033
829
647
1815
1233
1991
1407
1282
1659
1091
1792
1259
1121
1512
928
1626
1154
1001
1377
823
1470
1082
897
1246
688
1331
949
816
