164
119
185
142
134
103
48
109
98
91
54
7
60
110
58
37
0
32
63
69
89
3
25
106
53
424
315
483
378
362
414
248
416
373
297
385
182
407
364
257
389
122
359
394
234
402
66
360
425
205
819
568
896
644
608
822
472
863
690
597
853
427
862
713
586
883
367
891
743
564
745
281
764
678
467
1365
876
1461
1013
924
1377
827
1470
1034
894
1249
738
1331
943
833
1121
555
1184
895
739
1005
471
1045
821
662
1815
1197
1968
1407
1242
1659
1062
1792
1248
1125
1512
949
1626
1148
974
1377
827
1470
1075
897
1245
654
1331
979
837
