197
173
204
176
168
142
132
144
142
131
101
88
90
153
84
119
43
60
158
101
145
29
72
173
100
441
325
459
407
362
447
269
443
402
339
452
215
417
422
317
436
173
408
446
293
461
129
420
453
284
781
529
829
635
609
823
488
836
670
600
850
434
861
690
583
856
401
893
743
574
790
301
755
698
500
1276
804
1357
948
867
1297
764
1392
981
857
1181
661
1230
902
790
1070
563
1108
852
725
971
477
989
793
652
1678
1128
1806
1259
1140
1541
1003
1647
1160
1030
1413
876
1506
1065
932
1297
764
1392
986
857
1190
661
1230
902
790
