197
173
206
176
169
125
111
141
142
131
104
70
111
153
101
108
21
60
158
101
145
29
72
173
100
441
317
459
407
362
447
267
443
402
339
452
215
417
422
314
446
173
408
428
275
476
129
420
453
284
782
529
829
635
609
823
486
836
670
600
850
434
861
690
583
856
401
893
743
574
790
301
755
698
500
1276
804
1360
936
867
1297
764
1392
984
857
1181
661
1230
902
790
1070
563
1108
852
725
971
477
989
793
652
1678
1128
1806
1259
1140
1541
1001
1647
1160
1030
1414
876
1503
1065
932
1281
764
1392
986
857
1184
661
1230
902
790
