307
206
256
199
276
309
218
168
141
311
239
103
147
195
228
204
142
298
59
399
99
68
253
76
303
718
658
690
512
767
619
525
744
359
742
688
426
568
496
731
807
300
544
251
932
630
414
370
314
825
1429
1195
1271
1176
1506
1338
1135
1213
881
1383
1585
927
1282
924
1478
1453
890
1248
866
1364
1245
789
1188
677
1434
2369
1904
2179
1715
2429
2448
1856
2175
1509
2529
2252
1581
1968
1318
2286
1893
1247
1654
1156
1852
1609
1075
1492
999
1776
3535
3013
3098
2336
3354
3055
2522
3019
2135
3012
2660
2234
2381
1837
2701
2411
2125
2144
1798
2517
2128
1461
1922
1434
2186
