268
199
224
155
286
155
78
166
83
159
111
15
44
39
251
47
19
81
42
24
120
16
162
9
250
1021
810
810
702
1101
688
636
759
385
986
641
312
935
354
676
667
186
451
281
721
388
392
620
352
785
2166
1809
1823
1394
2234
2180
1554
1630
1031
2107
1935
1223
1739
951
2241
2004
918
1629
745
1941
1340
597
1220
745
1780
3976
3176
3640
2576
4003
4015
2884
3507
2405
4044
3304
2300
3028
2165
3579
2978
1749
2450
1589
3144
2308
1364
1989
1509
2558
5795
4940
5492
4039
5870
5127
4128
4619
3385
5272
4594
3625
4068
2808
4805
3860
3019
3363
2468
4102
3284
2649
2845
1924
3561
