169
148
169
149
193
69
53
78
67
137
21
7
18
13
39
5
0
0
0
13
0
0
12
0
9
493
420
439
371
520
402
316
359
296
450
361
204
319
213
402
321
130
257
173
365
300
95
226
154
368
1023
859
862
692
1018
972
747
802
618
990
913
660
787
570
1009
934
530
802
539
1022
787
410
661
437
858
1689
1383
1490
1201
1731
1686
1284
1508
1152
1734
1506
1073
1324
975
1555
1306
905
1135
827
1342
1114
728
971
655
1205
2357
2025
2169
1670
2407
2135
1751
1935
1455
2148
1899
1484
1716
1299
1932
1690
1273
1496
1152
1732
1506
1073
1324
975
1534
