155
154
160
137
192
70
49
68
54
115
3
0
0
3
36
2
0
0
0
3
0
0
0
0
0
484
413
435
366
508
390
311
358
283
444
312
202
287
212
383
284
116
239
144
355
296
66
197
133
347
1006
828
862
685
1015
954
721
776
618
979
913
643
784
566
1004
921
530
802
539
1011
787
406
657
410
823
1678
1376
1486
1201
1715
1679
1273
1499
1138
1713
1490
1071
1307
975
1531
1286
870
1126
827
1339
1099
726
971
655
1174
2357
2025
2166
1670
2406
2131
1749
1932
1447
2148
1892
1482
1702
1299
1920
1679
1273
1490
1137
1715
1491
1073
1307
975
1531
