164
119
183
139
136
104
51
110
94
97
53
1
40
52
59
37
0
24
71
48
77
0
22
107
53
425
315
473
372
353
393
248
416
357
295
390
182
384
374
267
390
119
373
390
227
403
69
367
411
209
819
514
891
644
607
819
472
865
686
595
836
422
865
708
578
878
370
901
748
563
754
281
767
674
453
1348
846
1461
1008
893
1369
791
1470
1034
893
1240
665
1327
939
816
1116
555
1185
881
739
996
471
1028
810
652
1800
1190
1951
1359
1225
1650
1054
1779
1248
1094
1512
920
1623
1140
977
1376
791
1470
1033
893
1240
657
1331
939
816
