164
119
183
135
134
96
48
108
86
89
50
1
42
59
58
35
0
26
59
44
70
0
21
106
50
422
315
463
370
356
403
248
407
357
304
395
182
378
372
261
389
118
361
384
232
394
61
361
412
210
818
514
890
644
607
819
472
865
678
597
836
422
862
708
578
884
367
891
738
561
752
281
764
662
452
1348
844
1461
1008
893
1369
791
1470
1034
893
1240
665
1326
939
816
1116
555
1183
881
737
996
468
1032
810
653
1800
1190
1951
1358
1225
1650
1054
1775
1247
1094
1509
919
1623
1135
975
1369
791
1470
1034
893
1240
654
1326
939
816
