164
119
183
135
134
96
48
101
86
86
50
0
36
59
58
35
0
18
59
43
66
0
18
106
50
422
315
463
370
355
400
248
407
357
304
395
182
378
368
261
389
116
361
384
232
394
59
361
410
206
814
514
890
644
607
819
472
865
678
597
836
422
862
708
578
869
367
891
738
561
749
281
764
658
452
1348
844
1461
1008
893
1369
791
1470
1034
893
1240
665
1326
939
816
1116
555
1183
881
737
996
468
1028
810
653
1800
1190
1951
1358
1225
1650
1054
1775
1247
1094
1509
919
1623
1135
975
1369
791
1470
1033
893
1240
654
1326
939
816
