164
119
183
139
136
101
51
95
90
91
52
1
40
52
59
35
0
18
67
43
75
0
20
106
53
422
315
465
372
353
393
248
416
357
295
390
182
379
374
265
390
117
358
386
227
403
69
367
406
209
815
514
887
644
607
819
472
863
680
595
836
422
862
708
578
875
370
898
737
560
754
281
764
667
453
1348
844
1461
1008
893
1369
791
1470
1033
893
1240
665
1327
939
816
1116
555
1183
881
739
996
471
1028
810
652
1800
1190
1951
1359
1225
1650
1054
1775
1248
1094
1509
920
1623
1140
977
1369
791
1470
1033
893
1240
654
1326
939
816
