164
119
183
136
132
97
48
100
86
93
53
0
50
50
59
35
0
23
69
44
75
0
20
111
50
422
315
463
378
354
396
248
416
365
302
389
182
379
379
263
389
116
360
394
235
392
58
366
406
211
819
514
888
644
607
819
472
865
679
595
839
422
864
712
576
877
367
891
745
564
748
281
760
657
459
1348
844
1461
1008
894
1369
791
1470
1034
893
1240
665
1326
940
816
1116
555
1183
881
739
996
468
1029
810
653
1800
1190
1951
1358
1225
1650
1054
1775
1247
1094
1509
919
1623
1135
978
1369
791
1470
1033
893
1240
654
1326
939
816
