149
111
159
128
126
65
33
58
59
58
0
0
0
10
0
0
0
0
22
0
11
0
0
53
0
452
302
477
367
345
379
218
419
331
290
329
142
354
334
233
342
63
298
349
193
366
1
273
382
135
946
575
1031
719
624
936
480
986
717
575
948
402
982
759
558
975
331
993
807
544
830
223
810
692
433
1630
978
1784
1194
1090
1663
906
1778
1249
1063
1483
750
1578
1137
910
1288
589
1367
1016
762
1124
449
1167
905
658
2251
1454
2443
1660
1479
2043
1264
2206
1500
1305
1849
1073
1987
1361
1194
1663
906
1778
1249
1064
1483
750
1578
1126
915
