149
111
159
128
125
65
33
58
59
57
0
0
0
6
0
0
0
0
20
0
11
0
0
53
0
451
300
474
366
345
379
218
414
335
289
326
142
351
330
229
336
63
296
344
172
359
0
272
380
141
946
576
1028
720
620
941
477
986
711
573
943
402
978
757
558
968
330
993
803
538
825
214
810
700
429
1630
978
1784
1194
1090
1663
906
1778
1248
1062
1482
750
1577
1126
913
1287
586
1367
1013
762
1120
447
1165
904
658
2251
1454
2443
1660
1479
2043
1262
2206
1493
1305
1849
1072
1987
1361
1193
1663
906
1778
1249
1062
1482
750
1577
1126
910
