149
111
159
132
127
65
33
58
64
56
0
0
0
8
0
0
0
0
20
0
11
0
0
53
0
451
302
474
374
347
384
218
414
336
290
327
142
351
338
234
341
63
296
337
171
359
1
272
388
135
947
578
1028
719
624
941
477
986
713
573
943
402
986
757
564
968
329
992
810
544
828
217
810
695
430
1630
978
1784
1194
1090
1663
906
1778
1249
1063
1482
750
1577
1126
914
1288
586
1369
1014
762
1120
446
1169
904
658
2251
1454
2443
1660
1479
2043
1262
2206
1493
1305
1849
1072
1987
1363
1193
1663
906
1778
1249
1062
1482
750
1578
1129
916
