149
111
159
128
125
65
33
58
59
56
0
0
0
10
0
0
0
0
20
0
11
0
0
53
0
452
302
475
367
344
379
218
409
331
290
329
142
352
332
233
340
63
296
345
177
364
0
273
382
135
946
575
1031
719
619
936
480
986
717
573
948
402
982
759
558
964
331
992
802
540
828
223
810
692
429
1630
978
1784
1194
1090
1663
906
1778
1249
1063
1483
750
1577
1128
910
1287
589
1367
1015
762
1124
448
1167
905
658
2251
1454
2443
1660
1479
2043
1262
2206
1500
1305
1849
1073
1987
1361
1193
1663
906
1778
1249
1062
1483
750
1578
1126
915
