206
137
225
190
164
185
90
172
191
117
176
66
133
199
115
179
33
146
197
113
192
26
131
231
111
476
332
495
404
377
465
277
481
401
348
465
231
475
427
325
492
219
476
434
296
482
146
467
438
288
763
531
832
619
586
786
488
862
640
580
815
449
866
657
572
833
417
862
689
553
743
346
766
650
480
1153
776
1225
865
808
1170
742
1239
891
794
1079
658
1144
844
739
997
570
1062
793
683
904
493
963
739
628
1483
1028
1598
1123
1028
1371
931
1471
1038
937
1272
832
1344
958
864
1170
742
1239
891
794
1079
658
1144
844
739
