205
139
224
196
170
195
94
175
187
133
184
58
135
201
115
179
52
146
202
113
200
31
141
242
117
476
332
495
400
376
470
280
481
401
348
465
237
475
421
340
464
201
476
443
296
490
155
488
447
288
763
531
832
619
586
786
488
867
640
580
815
456
866
658
571
843
416
862
684
566
760
339
758
647
483
1153
776
1225
865
808
1170
742
1239
891
794
1079
658
1144
844
739
997
570
1062
793
683
916
506
963
739
623
1483
1028
1598
1123
1028
1371
931
1471
1038
937
1272
832
1344
958
864
1170
742
1239
891
794
1079
658
1144
844
739
