235
233
267
322
280
296
233
299
237
298
174
159
203
205
269
314
72
173
55
319
254
90
307
16
333
664
558
615
472
712
597
443
556
428
563
482
420
451
446
648
634
397
727
435
781
650
308
549
428
626
1117
914
1088
802
1226
1138
860
1007
857
1212
1158
789
1032
734
1226
1173
680
1055
757
1163
949
773
821
630
1245
1845
1575
1598
1347
1824
1878
1443
1754
1255
1991
1631
1264
1467
1040
1736
1502
1033
1289
1069
1517
1334
1044
1238
873
1408
2577
2251
2303
1736
2584
2196
1914
2104
1619
2340
2192
1560
1912
1432
2036
1939
1402
1613
1222
1945
1679
1260
1553
1213
1753
