181
147
163
140
202
68
54
74
52
120
8
0
10
4
50
4
0
0
0
3
1
0
0
0
0
492
439
439
379
522
399
312
383
298
437
372
224
319
227
416
276
122
258
137
368
275
38
187
94
389
1008
830
862
682
1021
947
735
782
610
995
930
655
775
565
985
927
539
819
521
1023
764
406
657
404
837
1678
1375
1501
1201
1715
1695
1280
1503
1140
1716
1488
1073
1318
973
1531
1278
869
1126
816
1366
1095
715
979
667
1169
2383
2043
2181
1691
2422
2131
1749
1945
1466
2172
1888
1484
1708
1299
1922
1677
1273
1490
1140
1721
1494
1073
1314
955
1531
