180
147
163
141
195
63
49
72
52
122
4
0
17
9
42
0
0
0
0
4
0
0
0
0
3
493
421
432
371
514
398
329
383
294
459
324
224
329
212
411
305
145
231
128
368
278
40
185
108
389
1010
830
862
684
1021
948
721
792
615
985
913
640
781
566
984
927
546
803
539
1015
764
430
652
414
837
1678
1366
1486
1201
1715
1695
1274
1499
1138
1716
1487
1073
1314
965
1534
1280
872
1119
816
1336
1121
713
946
668
1163
2365
2025
2181
1691
2415
2138
1752
1945
1489
2158
1888
1472
1702
1299
1923
1695
1276
1489
1138
1715
1489
1073
1318
964
1533
