152
142
146
130
181
20
39
44
36
89
0
0
0
0
1
0
0
0
0
0
0
0
0
0
0
552
462
490
365
602
413
317
342
271
487
292
182
210
168
396
175
77
140
80
275
109
0
97
8
252
1218
1016
1060
818
1262
1148
837
941
678
1163
1080
650
886
573
1152
1064
488
880
483
1165
811
274
660
323
936
2179
1784
1908
1502
2244
2187
1626
1900
1399
2247
1855
1339
1626
1168
1957
1606
1048
1367
938
1672
1325
769
1123
710
1418
3179
2681
2892
2187
3237
2821
2274
2543
1885
2870
2474
1930
2224
1644
2536
2187
1626
1900
1393
2247
1860
1339
1627
1169
1959
