152
142
146
130
182
25
39
44
36
89
0
0
0
0
4
0
0
0
0
0
0
0
0
0
0
552
462
490
367
602
414
317
342
271
488
293
182
217
169
406
179
77
142
80
282
109
0
98
8
257
1218
1021
1063
818
1262
1148
837
946
679
1164
1080
655
892
574
1155
1071
488
882
491
1166
820
278
660
325
936
2179
1786
1909
1502
2246
2187
1626
1901
1401
2248
1855
1340
1626
1168
1961
1606
1048
1376
946
1672
1328
779
1130
714
1418
3179
2681
2892
2187
3237
2821
2274
2543
1887
2870
2479
1931
2224
1644
2540
2187
1626
1905
1399
2247
1860
1339
1629
1171
1960
