152
142
146
130
181
20
39
44
37
89
0
0
0
0
3
0
0
0
0
0
0
0
0
0
0
553
462
490
367
602
416
317
353
271
494
294
182
222
169
405
177
77
144
79
281
112
0
100
8
258
1229
1021
1061
824
1262
1132
838
958
680
1167
1080
655
892
577
1159
1069
491
883
492
1166
815
277
659
320
934
2179
1784
1912
1502
2251
2187
1626
1905
1400
2248
1864
1343
1625
1168
1964
1606
1045
1378
940
1681
1322
776
1131
708
1424
3179
2681
2895
2187
3237
2825
2274
2543
1889
2870
2482
1932
2224
1647
2540
2187
1626
1903
1397
2249
1863
1343
1627
1172
1956
