152
142
146
130
182
20
39
44
36
89
0
0
0
0
2
0
0
0
0
0
0
0
0
0
0
552
462
490
367
602
413
317
342
271
488
293
182
210
168
406
176
77
140
80
275
109
0
98
8
257
1218
1021
1060
818
1262
1148
837
945
678
1164
1080
650
886
573
1152
1068
488
882
488
1165
820
276
660
323
936
2179
1786
1909
1502
2244
2187
1626
1901
1399
2247
1855
1339
1626
1168
1957
1606
1048
1367
938
1672
1325
776
1123
710
1418
3179
2681
2892
2187
3237
2821
2274
2543
1887
2870
2474
1931
2224
1644
2536
2187
1626
1900
1393
2247
1860
1339
1629
1170
1960
