153
146
151
132
189
33
42
54
45
105
0
0
0
0
24
0
0
0
0
0
0
0
0
0
0
487
422
438
365
528
401
310
323
278
456
317
188
236
179
380
222
89
174
98
337
205
17
150
49
321
1091
898
937
736
1099
1025
769
854
626
1039
967
655
815
557
1031
977
524
834
519
1054
776
330
636
370
863
1905
1555
1656
1286
1936
1863
1418
1655
1235
1928
1647
1177
1416
1051
1704
1413
945
1214
858
1484
1170
730
1000
677
1266
2700
2293
2451
1871
2727
2397
1949
2169
1635
2431
2143
1664
1906
1415
2169
1867
1412
1653
1241
1928
1651
1177
1416
1057
1704
