153
146
151
132
189
33
42
54
45
105
0
0
0
0
22
0
0
0
0
0
0
0
0
0
0
487
422
438
365
528
401
309
323
277
455
312
188
236
179
377
222
89
170
97
337
205
17
150
49
321
1091
898
937
735
1099
1023
769
854
622
1039
967
652
815
557
1025
977
524
823
519
1054
775
330
636
364
863
1905
1555
1656
1286
1936
1863
1418
1655
1235
1928
1647
1177
1416
1051
1704
1409
945
1214
857
1482
1169
730
1000
673
1265
2700
2293
2451
1871
2727
2397
1949
2169
1635
2431
2143
1664
1906
1415
2169
1864
1412
1653
1240
1928
1647
1177
1416
1053
1704
