153
146
151
132
189
35
42
54
46
105
0
0
0
0
22
0
0
0
0
0
0
0
0
0
0
496
421
444
365
527
396
311
330
275
459
307
188
240
179
378
224
89
176
98
341
206
17
154
54
324
1088
899
936
735
1098
1026
769
858
626
1037
973
657
808
563
1035
977
523
836
519
1057
777
332
644
369
858
1905
1555
1656
1288
1936
1865
1413
1655
1235
1929
1649
1177
1417
1055
1708
1409
950
1214
861
1484
1173
736
1007
671
1269
2700
2293
2451
1873
2728
2397
1949
2169
1635
2431
2143
1662
1906
1414
2172
1872
1418
1655
1235
1934
1647
1178
1416
1055
1705
