210
208
196
172
242
151
144
165
155
204
136
92
135
145
164
142
84
123
103
140
137
48
95
82
123
504
470
458
410
524
469
404
427
370
509
446
335
410
353
527
437
284
397
339
535
439
263
398
283
553
838
723
743
670
869
857
691
744
639
873
855
653
757
618
890
868
593
783
592
912
766
477
675
520
812
1317
1090
1194
956
1346
1308
1010
1191
935
1352
1181
872
1061
845
1221
1069
785
959
752
1102
968
701
862
669
1010
1731
1513
1611
1285
1793
1586
1345
1466
1149
1626
1441
1174
1330
1028
1492
1299
1010
1188
935
1352
1181
872
1061
845
1221
