210
213
196
178
242
151
171
167
155
204
137
96
135
145
164
140
64
123
103
140
137
48
95
85
123
504
466
458
410
524
469
404
427
370
509
453
335
407
353
527
437
284
397
339
535
439
263
398
277
534
838
723
743
670
869
857
691
744
639
873
855
653
757
618
890
849
593
791
592
912
766
477
700
520
812
1317
1090
1194
956
1346
1314
1010
1191
935
1352
1181
872
1061
845
1221
1069
785
959
752
1102
968
701
858
669
1010
1731
1513
1611
1285
1793
1586
1345
1466
1149
1626
1441
1174
1331
1028
1492
1306
1010
1191
935
1352
1181
872
1061
845
1221
