210
209
196
189
242
151
171
167
155
204
137
83
107
145
164
138
80
123
103
140
131
48
95
85
123
504
471
458
410
524
469
404
427
370
509
453
335
410
353
527
428
284
397
339
535
439
263
398
283
553
838
723
743
670
869
857
691
744
639
873
855
653
757
618
890
868
593
791
592
912
766
477
700
520
812
1317
1090
1194
956
1346
1314
1010
1191
935
1352
1181
872
1061
845
1221
1069
785
959
752
1102
968
701
862
669
1010
1731
1513
1611
1285
1793
1586
1345
1466
1149
1626
1440
1174
1331
1028
1492
1314
1010
1191
935
1352
1181
872
1061
845
1221
