163
141
138
126
195
8
29
21
20
56
0
0
0
0
0
0
0
0
0
0
0
0
0
0
0
841
689
709
536
904
589
409
458
337
734
333
197
230
160
524
102
59
59
44
348
7
0
22
0
172
2039
1666
1722
1261
2092
1805
1332
1494
996
1891
1587
947
1354
764
1745
1543
609
1240
564
1734
1049
248
800
269
1279
3819
3062
3260
2427
3806
3717
2735
3224
2252
3840
3155
2166
2651
1785
3277
2611
1619
2158
1319
2740
2084
1085
1707
925
2243
5672
4715
5129
3786
5761
4972
3967
4451
3227
5038
4317
3315
3805
2739
4426
3713
2736
3205
2246
3842
3153
2169
2654
1780
3282
