163
141
138
126
195
8
29
21
21
56
0
0
0
0
0
0
0
0
0
0
0
0
0
0
0
841
689
709
536
908
586
409
458
338
730
335
197
230
159
518
92
59
62
44
357
5
0
23
0
171
2042
1666
1720
1261
2090
1801
1328
1497
992
1895
1602
950
1343
763
1734
1553
597
1251
561
1743
1072
243
783
273
1285
3814
3064
3266
2430
3807
3706
2733
3229
2246
3839
3159
2176
2661
1788
3279
2614
1612
2168
1315
2757
2089
1093
1711
924
2238
5672
4716
5130
3780
5765
4978
3965
4450
3227
5041
4317
3317
3810
2739
4423
3712
2739
3207
2250
3844
3156
2173
2645
1788
3270
