163
141
138
126
195
8
29
21
21
56
0
0
0
0
0
0
0
0
0
0
0
0
0
0
0
841
689
709
536
908
581
409
458
344
736
345
197
230
159
529
99
59
55
44
350
3
0
22
0
154
2044
1667
1722
1262
2093
1811
1331
1491
994
1894
1583
949
1345
762
1739
1562
605
1234
556
1741
1074
246
799
270
1269
3816
3060
3260
2427
3808
3724
2742
3231
2245
3844
3171
2176
2658
1792
3282
2601
1620
2161
1327
2753
2087
1080
1710
928
2233
5673
4718
5133
3782
5770
4982
3966
4448
3226
5049
4316
3316
3807
2738
4420
3707
2729
3207
2255
3841
3163
2166
2664
1787
3278
