260
114
256
216
157
267
79
105
179
120
222
88
253
214
69
261
106
225
249
35
345
21
96
278
112
674
367
710
590
499
658
360
695
655
424
571
220
603
450
358
692
218
743
722
280
807
185
699
743
294
1337
855
1478
1003
1038
1499
693
1515
1075
989
1518
624
1523
1181
770
1592
558
1541
1313
719
1363
488
1244
981
700
2515
1560
2699
1891
1532
2486
1367
2612
1930
1499
2253
1162
2407
1660
1347
2064
951
2112
1629
1112
1871
802
1734
1412
968
3378
2335
3749
2621
2331
3091
1918
3299
2267
1939
2811
1626
3045
2069
1641
2400
1397
2733
1983
1534
2128
1282
2296
1782
1242
