150
109
162
155
123
35
21
38
51
37
0
0
2
1
7
0
0
0
18
0
0
0
0
24
0
569
344
677
461
383
455
217
525
406
278
345
141
358
414
224
251
43
239
366
105
319
0
198
369
76
1314
720
1415
946
823
1259
591
1310
937
765
1231
456
1274
974
655
1273
294
1297
1035
609
1033
164
948
870
475
2307
1349
2532
1661
1447
2339
1183
2529
1716
1390
2031
929
2219
1538
1177
1780
693
1869
1404
1000
1536
525
1574
1196
790
3311
2073
3601
2394
2104
2988
1764
3207
2133
1847
2655
1480
2861
1921
1626
2355
1183
2529
1720
1390
2047
921
2217
1539
1183
