191
157
179
169
207
120
79
112
124
161
55
29
43
79
110
64
23
28
67
84
94
26
49
59
99
477
447
461
404
505
447
377
404
334
476
407
315
366
308
468
401
253
342
271
475
383
184
316
248
463
827
732
748
663
859
844
690
733
643
870
859
637
750
617
882
877
574
759
585
896
753
454
657
478
802
1380
1136
1248
982
1390
1363
1039
1244
954
1392
1207
916
1106
847
1265
1084
795
976
764
1130
968
690
872
673
1005
1832
1596
1694
1349
1885
1666
1403
1535
1203
1711
1516
1222
1389
1066
1548
1354
1039
1231
954
1392
1207
913
1095
847
1265
