190
147
204
194
165
165
97
162
211
120
136
62
113
169
117
178
52
127
191
116
180
37
114
210
116
474
330
481
402
376
467
283
460
428
356
463
234
451
418
318
455
173
464
451
314
481
144
481
471
283
755
527
830
628
604
779
493
843
659
597
816
459
859
698
580
849
417
869
720
571
740
333
789
672
498
1194
789
1281
897
842
1211
750
1295
929
828
1109
653
1173
866
769
1011
576
1076
824
707
926
496
970
778
639
1562
1074
1685
1187
1078
1445
965
1549
1088
979
1325
846
1416
995
900
1211
750
1286
920
828
1108
653
1173
866
769
