187
150
206
213
172
175
118
159
203
120
168
97
116
169
117
178
53
127
191
104
187
37
114
210
116
474
343
481
402
373
467
291
460
428
356
463
244
451
418
323
455
173
464
451
306
483
144
481
475
281
755
527
830
628
604
779
488
843
659
597
816
460
859
698
580
849
417
860
720
571
740
333
789
672
498
1193
789
1281
892
842
1211
750
1286
929
828
1111
653
1173
866
769
1019
576
1076
824
707
926
496
973
778
639
1562
1074
1685
1187
1078
1445
965
1549
1092
979
1325
846
1419
995
900
1211
750
1286
920
828
1104
653
1183
866
769
