163
141
138
126
195
8
29
21
20
56
0
0
0
0
0
0
0
0
0
0
0
0
0
0
0
832
689
709
536
902
560
409
458
335
733
312
197
230
159
507
86
59
52
43
350
3
0
22
0
153
2035
1666
1713
1260
2102
1836
1323
1485
992
1868
1643
940
1342
747
1714
1531
596
1197
552
1732
1026
240
772
268
1258
3813
3058
3252
2417
3802
3699
2721
3214
2239
3830
3148
2166
2632
1779
3272
2595
1609
2139
1319
2736
2072
1060
1687
915
2227
5664
4713
5123
3780
5759
4967
3963
4442
3220
5036
4314
3312
3802
2725
4418
3699
2721
3197
2240
3829
3149
2162
2639
1779
3271
