163
141
138
126
195
8
29
21
20
56
0
0
0
0
0
0
0
0
0
0
0
0
0
0
0
832
689
709
536
902
560
409
458
335
730
307
197
230
159
507
85
59
52
43
350
3
0
22
0
153
2035
1666
1713
1260
2101
1804
1323
1483
992
1868
1643
940
1338
746
1714
1531
596
1197
552
1724
1023
239
772
269
1252
3807
3056
3251
2417
3802
3699
2721
3215
2238
3829
3147
2166
2630
1777
3268
2595
1606
2139
1312
2736
2069
1060
1687
915
2221
5664
4713
5123
3780
5759
4967
3963
4442
3220
5036
4314
3312
3802
2718
4418
3699
2721
3197
2239
3829
3149
2162
2630
1776
3269
