163
141
138
126
195
8
29
21
20
56
0
0
0
0
0
0
0
0
0
0
0
0
0
0
0
832
689
709
536
902
560
409
458
335
730
307
197
230
159
507
86
59
52
43
350
3
0
22
0
153
2035
1666
1713
1260
2102
1836
1323
1485
992
1868
1643
940
1338
747
1714
1531
596
1197
552
1728
1025
240
772
268
1257
3807
3057
3251
2417
3802
3699
2721
3214
2239
3830
3148
2166
2632
1777
3272
2595
1609
2139
1318
2736
2060
1060
1687
915
2225
5664
4713
5123
3780
5759
4967
3963
4442
3220
5036
4314
3312
3802
2718
4418
3699
2721
3197
2239
3829
3149
2162
2630
1778
3269
