174
147
200
150
165
135
102
134
128
140
107
60
62
114
120
59
12
45
83
77
79
15
53
120
68
424
324
466
375
361
404
258
428
368
316
404
213
431
393
287
443
149
406
400
301
450
101
385
424
256
841
517
897
651
607
853
472
885
686
597
846
427
899
720
576
891
370
927
766
564
803
284
837
704
475
1351
847
1469
1013
892
1389
797
1476
1047
893
1240
682
1331
962
816
1139
555
1191
906
739
1002
471
1045
823
656
1800
1190
1951
1358
1225
1650
1054
1775
1248
1099
1512
920
1630
1150
988
1389
797
1476
1047
893
1240
672
1331
962
816
