158
128
173
148
145
89
57
67
94
92
39
31
13
63
65
0
0
6
56
29
11
0
0
96
0
479
302
490
374
353
413
229
429
355
304
352
156
379
346
271
365
92
322
376
233
414
7
285
443
179
978
601
1033
734
639
971
488
1004
725
608
987
418
1015
787
594
998
357
1016
820
580
853
232
842
738
481
1638
987
1797
1208
1091
1672
907
1797
1266
1077
1488
769
1578
1146
949
1336
606
1429
1030
785
1162
461
1217
919
681
2251
1454
2443
1660
1479
2047
1265
2206
1505
1305
1869
1076
1987
1370
1194
1672
907
1797
1266
1077
1488
769
1578
1146
949
