216
157
221
234
172
191
118
169
226
120
171
97
123
169
117
178
81
127
191
116
187
37
114
210
116
474
349
481
402
377
467
301
460
428
356
463
259
451
418
323
455
173
464
451
314
483
144
481
475
283
755
527
830
628
604
779
493
843
659
597
816
460
859
698
580
849
417
869
720
571
740
333
789
672
498
1204
789
1286
899
842
1216
750
1311
931
828
1112
653
1200
866
769
1019
576
1076
824
707
926
496
973
778
639
1562
1075
1685
1187
1081
1445
965
1549
1095
979
1336
846
1419
998
900
1216
750
1311
931
828
1112
653
1200
866
769
