219
193
246
219
178
197
136
201
233
165
206
66
169
227
122
207
58
160
210
120
210
51
163
252
117
491
348
511
406
378
490
311
484
409
354
488
269
486
438
341
497
239
486
459
326
490
168
488
481
307
763
531
832
619
586
787
495
867
647
580
827
463
869
659
581
843
426
874
701
566
760
364
775
653
495
1153
776
1225
865
808
1170
742
1239
891
794
1079
658
1144
844
739
997
573
1062
796
683
916
506
964
739
631
1483
1028
1598
1123
1028
1371
931
1471
1038
937
1272
832
1344
958
864
1170
742
1239
891
794
1079
658
1144
844
739
