165
141
138
126
195
22
29
25
32
56
0
0
0
0
0
0
0
0
0
0
0
0
0
0
0
837
713
724
555
915
566
409
477
341
780
312
197
233
173
530
140
67
96
58
373
4
0
26
0
177
2098
1734
1800
1266
2102
1847
1330
1529
996
1909
1643
982
1369
772
1717
1583
607
1224
603
1749
1052
254
790
285
1301
3930
3115
3259
2417
3809
3700
2743
3227
2281
3866
3171
2228
2654
1814
3306
2620
1676
2156
1337
2775
2085
1066
1691
935
2291
5664
4715
5123
3782
5759
4996
4022
4442
3220
5044
4348
3315
3806
2745
4425
3700
2743
3205
2276
3866
3171
2200
2654
1814
3306
