163
142
138
126
195
8
29
21
32
56
0
0
0
0
0
0
0
0
0
0
0
0
0
0
0
837
689
709
536
902
560
409
458
335
736
312
197
231
160
515
99
59
84
58
357
4
0
26
0
165
2033
1667
1713
1260
2088
1802
1327
1525
996
1886
1643
941
1340
765
1717
1531
597
1224
558
1728
1024
246
773
277
1257
3807
3056
3252
2417
3802
3700
2730
3211
2258
3866
3154
2165
2626
1788
3267
2598
1609
2155
1310
2742
2072
1066
1689
921
2224
5664
4715
5123
3778
5759
4967
3963
4442
3220
5044
4330
3313
3802
2718
4425
3700
2730
3199
2266
3866
3154
2165
2626
1785
3267
