180
146
194
171
167
120
103
122
118
124
79
66
68
119
84
79
4
39
152
93
129
3
70
160
72
439
317
459
405
362
425
267
425
395
333
433
211
398
392
302
427
165
402
407
275
440
110
386
439
256
773
526
822
635
609
803
475
834
667
600
831
422
859
686
583
856
388
854
729
565
775
301
753
659
490
1275
803
1353
936
867
1281
763
1376
970
857
1163
661
1223
900
790
1061
560
1102
852
725
963
467
989
790
652
1678
1128
1806
1259
1140
1541
1001
1647
1154
1027
1414
876
1505
1055
932
1281
763
1359
970
857
1171
661
1223
900
790
