177
153
193
171
164
123
100
116
131
127
77
67
84
139
84
79
2
25
143
94
132
3
72
158
72
439
321
459
405
362
432
267
425
395
333
441
215
398
402
302
432
167
402
406
275
437
125
402
445
256
773
526
820
635
609
795
475
830
667
600
838
422
850
687
581
856
387
854
727
567
775
301
753
667
486
1275
803
1353
933
867
1281
763
1363
962
857
1163
661
1223
902
790
1053
560
1102
852
725
963
468
989
793
652
1678
1128
1806
1259
1140
1541
1001
1647
1154
1027
1414
876
1505
1055
932
1281
763
1378
964
857
1163
661
1229
902
790
