182
146
193
169
164
128
123
122
131
127
77
56
79
133
84
79
4
44
152
94
129
6
72
173
84
439
317
459
395
362
433
267
425
390
335
428
210
398
406
302
434
165
403
408
275
448
112
416
453
256
776
529
820
635
609
800
488
832
670
600
841
422
841
687
581
856
387
893
722
574
775
301
743
659
495
1275
803
1353
941
867
1281
763
1359
973
857
1180
661
1223
902
790
1050
560
1102
852
725
963
467
989
790
652
1678
1128
1806
1259
1140
1541
1001
1647
1154
1028
1413
876
1502
1056
932
1281
763
1363
972
857
1163
661
1223
902
790
