211
184
280
239
192
275
104
242
184
201
220
92
131
192
109
213
23
163
222
112
288
80
244
214
83
589
398
651
480
405
627
329
644
504
427
528
278
514
523
345
627
225
562
521
339
699
239
450
566
325
1092
720
1109
789
814
1071
683
1162
809
683
1086
587
1061
905
704
1122
467
1298
911
805
1047
391
1004
964
556
1788
1092
1886
1410
1229
1704
1078
1914
1277
1220
1607
923
1666
1186
986
1373
728
1502
1211
983
1309
731
1423
1019
791
2344
1575
2530
1806
1582
2198
1341
2234
1537
1456
1970
1196
2059
1550
1317
1832
1121
1911
1375
1132
1620
938
1679
1261
1028
