166
111
174
134
144
75
44
66
67
69
0
0
0
58
0
0
0
0
24
6
12
0
0
64
0
452
302
480
383
353
406
229
427
342
310
325
158
387
333
235
354
63
307
348
196
370
11
297
398
159
946
578
1040
732
619
945
493
1003
711
578
950
406
982
778
558
987
334
996
840
565
834
230
836
717
427
1647
1007
1789
1199
1091
1666
924
1778
1249
1062
1482
757
1578
1126
914
1287
592
1368
1020
777
1126
447
1169
938
658
2266
1459
2460
1678
1498
2050
1264
2213
1500
1321
1854
1107
2007
1366
1194
1663
906
1781
1249
1062
1490
750
1578
1145
914
