149
111
179
161
125
71
49
58
84
72
3
0
2
29
29
0
0
0
20
2
11
0
0
71
0
469
302
479
394
353
388
229
425
378
310
328
158
360
362
235
355
85
302
353
181
401
27
279
382
168
954
579
1040
721
621
936
478
1030
717
608
950
402
998
769
573
972
357
995
829
551
836
254
817
722
446
1630
978
1789
1199
1091
1666
906
1781
1254
1071
1489
768
1577
1140
940
1301
591
1367
1027
762
1130
447
1188
916
661
2266
1459
2460
1665
1502
2066
1297
2213
1503
1305
1856
1078
1987
1371
1194
1666
928
1781
1249
1062
1489
775
1578
1130
932
