289
199
290
254
207
294
210
284
255
203
301
179
259
289
189
261
193
298
332
244
341
123
266
300
262
528
396
551
435
486
594
364
570
461
423
490
313
581
458
393
572
239
606
595
353
581
231
635
541
333
859
564
957
776
741
985
607
938
719
677
863
533
1009
835
663
992
520
1033
750
634
896
447
949
694
588
1451
880
1383
1069
979
1324
880
1419
1012
949
1263
816
1439
1014
878
1140
687
1381
913
882
1052
606
1119
830
668
1783
1194
1867
1320
1198
1630
1075
1704
1246
1110
1543
909
1642
1092
1069
1347
883
1467
1025
892
1252
760
1397
931
876
