181
123
193
159
149
120
63
128
121
86
88
22
80
103
78
75
9
39
111
58
133
2
57
158
54
439
317
460
387
363
428
267
426
386
333
436
205
398
392
296
423
149
392
410
251
431
97
404
421
217
773
564
820
636
609
805
480
835
670
600
838
422
861
694
582
866
387
854
735
565
734
303
757
665
490
1275
850
1356
956
876
1281
809
1359
987
868
1168
724
1223
922
790
1058
585
1125
850
725
952
471
989
790
648
1678
1176
1823
1324
1153
1541
1042
1647
1215
1064
1413
946
1502
1075
945
1292
786
1359
986
857
1168
692
1223
904
794
