177
123
199
159
153
115
63
126
123
89
77
10
69
99
60
82
14
49
127
55
113
2
55
141
54
439
317
459
392
363
428
267
426
386
333
422
205
406
391
297
444
159
385
397
251
450
115
376
430
264
773
532
821
635
609
806
480
827
667
600
823
444
852
694
582
842
387
876
722
571
765
300
747
665
485
1284
850
1356
988
876
1292
809
1359
986
868
1163
669
1222
922
790
1058
609
1088
852
725
952
471
982
787
648
1678
1219
1806
1287
1140
1555
1035
1647
1215
1058
1413
915
1502
1055
945
1281
786
1359
1022
869
1169
677
1223
928
790
