269
192
236
175
276
269
107
231
120
261
233
38
144
63
207
183
84
218
26
181
149
61
290
136
212
1048
861
983
678
1066
1070
883
719
646
976
850
528
620
639
1083
905
232
828
365
924
802
268
703
444
715
2239
1812
2141
1331
2239
2146
1647
1956
1306
2437
2108
1441
1714
1055
1983
2330
889
2048
1161
2168
1517
832
1629
905
1972
4091
3318
3696
2599
4344
4097
3230
3518
2472
4255
3500
2458
3294
2440
3691
3180
1918
2560
1835
3363
2543
1743
1994
1444
2622
6125
5050
5545
4380
6124
5270
4226
4993
3774
5494
5019
3675
4176
3099
4900
4108
3288
3534
2588
4076
3640
2569
3041
2391
3625
