163
149
139
126
218
8
33
21
20
56
0
0
0
0
0
0
0
0
0
0
0
0
0
0
0
841
694
722
536
919
642
409
543
350
730
352
197
230
161
559
149
66
52
45
350
13
0
26
0
229
2040
1666
1748
1263
2115
1811
1359
1484
992
1903
1608
962
1360
757
1729
1545
626
1271
562
1773
1026
253
865
271
1251
3819
3056
3251
2466
3802
3709
2735
3225
2265
3866
3147
2161
2640
1779
3277
2608
1703
2143
1360
2749
2115
1125
1694
917
2256
5668
4711
5125
3783
5759
4967
3963
4442
3232
5036
4315
3315
3803
2725
4422
3723
2763
3220
2241
3835
3145
2170
2640
1774
3286
