194
166
206
176
169
123
131
141
142
131
104
88
90
153
98
114
43
60
158
101
145
29
72
173
100
441
317
459
407
362
447
269
429
402
339
452
215
417
422
312
446
173
408
432
293
460
129
420
453
284
789
529
829
635
609
823
488
836
670
600
850
433
861
690
583
856
401
893
743
574
790
301
755
698
500
1276
804
1360
939
867
1292
764
1392
986
857
1171
661
1230
902
790
1070
563
1108
852
725
971
477
989
793
652
1678
1128
1806
1259
1140
1541
1003
1647
1160
1030
1414
876
1505
1065
932
1290
764
1392
977
857
1171
661
1230
902
790
