149
104
148
125
119
37
21
38
47
42
0
0
0
0
0
0
0
0
0
0
0
0
0
13
0
565
335
623
460
383
418
217
486
384
278
332
125
367
356
208
269
43
280
339
124
315
0
198
369
45
1294
723
1414
937
822
1219
585
1316
934
730
1239
429
1280
968
652
1275
295
1269
1027
582
1049
149
951
895
426
2314
1344
2513
1666
1447
2336
1186
2532
1730
1396
2057
924
2211
1550
1156
1777
697
1859
1364
978
1529
484
1578
1208
789
3312
2071
3604
2395
2106
2975
1763
3210
2130
1847
2655
1468
2865
1918
1610
2336
1185
2519
1725
1397
2049
926
2196
1545
1158
