139
104
148
125
122
33
21
38
47
42
0
0
0
0
0
0
0
0
0
0
0
0
0
13
0
564
335
626
459
386
422
217
470
374
283
335
125
368
349
217
267
43
258
347
117
300
0
212
376
46
1297
719
1411
942
821
1226
585
1299
934
732
1253
428
1273
976
654
1276
297
1264
1032
595
1049
153
964
881
423
2309
1341
2511
1665
1445
2344
1186
2525
1721
1397
2033
931
2196
1529
1162
1765
695
1869
1356
987
1517
479
1569
1202
787
3312
2073
3601
2395
2106
2978
1762
3209
2130
1847
2658
1468
2863
1921
1613
2337
1189
2526
1723
1398
2042
926
2198
1542
1160
