147
102
152
136
118
25
26
32
42
34
0
0
0
0
0
0
0
0
0
0
0
0
0
4
0
696
412
816
565
486
533
267
576
476
334
356
121
387
394
209
224
36
229
364
80
242
0
164
360
18
1744
937
1893
1218
1095
1597
739
1732
1209
916
1557
531
1640
1205
769
1631
328
1580
1298
679
1318
154
1147
1104
428
3196
1793
3480
2270
1918
3204
1563
3472
2324
1841
2780
1196
2985
2066
1548
2421
846
2487
1811
1241
1994
563
2058
1548
940
4651
2862
5058
3322
2876
4163
2395
4483
2943
2510
3667
1972
3976
2618
2157
3204
1563
3472
2324
1831
2780
1196
2985
2048
1548
