157
130
151
134
122
50
25
53
51
57
3
0
0
16
23
0
0
0
26
0
0
0
0
53
0
492
304
533
386
357
394
234
436
368
288
324
142
353
336
228
306
50
291
344
158
350
0
234
388
90
1085
630
1161
800
711
1052
505
1104
813
651
1056
398
1106
844
589
1077
332
1102
895
569
916
177
874
774
438
1868
1123
2034
1383
1205
1905
1020
2047
1413
1186
1681
816
1807
1297
1011
1462
643
1583
1169
865
1276
450
1327
1000
686
2641
1689
2856
1930
1711
2381
1451
2568
1737
1509
2150
1221
2297
1564
1334
1905
1020
2047
1418
1186
1681
816
1807
1297
1011
