153
111
171
139
144
75
37
59
62
56
10
0
5
39
31
0
0
0
56
25
11
0
0
78
0
459
302
474
374
353
404
229
423
355
304
349
146
355
342
271
359
63
303
364
216
372
7
275
406
171
978
578
1033
724
638
950
482
986
721
608
957
402
994
772
594
998
350
1000
815
580
825
223
826
733
444
1630
982
1784
1197
1091
1672
907
1781
1260
1077
1486
762
1578
1132
918
1317
596
1417
1030
783
1126
461
1175
908
679
2251
1454
2443
1660
1479
2045
1265
2206
1493
1305
1858
1075
1987
1367
1194
1672
907
1781
1256
1077
1486
761
1578
1145
921
