215
139
232
194
164
195
97
175
197
124
185
61
135
201
115
179
40
146
202
113
200
37
128
237
117
476
342
501
400
376
482
286
481
406
351
488
244
472
426
340
497
201
482
443
313
490
155
488
463
288
763
531
832
619
586
786
488
867
647
580
818
449
866
657
578
843
416
862
684
566
760
339
758
647
484
1153
776
1225
865
808
1170
742
1239
891
794
1079
658
1144
844
739
997
570
1062
793
683
916
506
963
739
628
1483
1028
1598
1123
1028
1371
931
1471
1038
937
1272
832
1344
958
864
1170
742
1239
891
794
1079
658
1144
844
739
