213
134
198
192
163
166
87
156
170
111
148
49
109
152
98
155
18
120
182
100
160
21
97
187
94
466
326
481
400
377
460
269
456
417
352
446
235
451
415
314
453
173
443
439
293
458
134
451
465
269
755
527
830
628
604
779
493
843
659
597
816
459
859
698
580
849
400
856
716
571
734
319
771
654
498
1193
789
1281
894
842
1211
750
1286
925
828
1112
653
1173
866
769
1019
576
1075
824
707
926
491
966
771
639
1562
1075
1685
1187
1080
1445
962
1549
1088
979
1325
846
1416
995
900
1211
750
1300
926
828
1112
653
1181
866
769
