150
104
148
125
117
37
25
42
47
42
0
0
0
0
0
0
0
0
0
0
0
0
0
22
0
562
352
622
462
391
413
217
476
383
294
338
125
350
360
232
262
43
254
337
138
297
0
199
366
59
1285
725
1396
936
823
1228
585
1316
929
755
1232
431
1261
992
675
1249
297
1264
1032
604
1045
169
948
870
424
2307
1344
2514
1661
1447
2336
1190
2526
1720
1399
2037
925
2198
1534
1156
1776
704
1875
1355
988
1527
492
1574
1189
806
3311
2070
3601
2394
2107
2974
1763
3207
2133
1846
2656
1473
2861
1916
1612
2336
1191
2526
1720
1398
2037
933
2198
1531
1156
