162
146
154
136
189
53
42
97
66
117
0
0
0
19
40
0
0
0
0
0
0
0
0
0
0
510
434
453
372
550
418
317
358
285
462
335
191
270
185
406
236
89
223
112
389
239
22
192
83
372
1119
905
942
741
1104
1048
770
868
639
1063
1014
668
878
584
1051
991
543
846
547
1072
808
350
679
404
904
1915
1560
1664
1288
1943
1890
1428
1675
1235
1939
1669
1184
1424
1062
1710
1431
954
1221
858
1500
1191
747
1039
678
1295
2700
2293
2451
1875
2727
2407
1958
2176
1646
2437
2149
1667
1906
1420
2177
1890
1428
1675
1235
1953
1669
1184
1424
1062
1710
