167
119
184
144
142
109
52
113
100
95
59
4
69
65
66
32
0
43
65
44
74
0
27
115
50
426
315
465
378
353
404
248
416
371
301
406
182
416
385
268
392
120
380
402
243
420
69
384
421
212
824
514
890
644
607
826
472
867
683
597
849
425
873
715
573
880
367
892
747
565
766
281
777
682
465
1351
844
1461
1013
894
1383
791
1470
1045
893
1245
670
1326
942
816
1123
555
1187
881
739
998
471
1031
817
653
1808
1190
1973
1369
1225
1658
1054
1775
1248
1099
1512
920
1628
1141
983
1385
791
1470
1045
893
1240
659
1326
949
816
