171
119
185
140
142
101
50
116
111
102
65
9
81
81
70
48
0
35
80
43
81
0
39
117
50
431
315
483
378
356
421
248
416
374
309
407
185
407
391
279
391
116
381
408
245
441
73
397
439
215
831
514
901
644
607
837
472
883
679
597
845
422
874
714
578
907
368
903
752
564
755
281
777
690
465
1348
844
1470
1017
893
1377
794
1490
1042
901
1255
677
1329
959
816
1121
565
1189
883
739
999
471
1036
813
653
1820
1190
1969
1370
1225
1650
1057
1797
1248
1101
1512
920
1627
1147
976
1377
794
1474
1045
894
1248
675
1326
948
816
