167
119
191
137
143
107
51
120
99
93
61
6
63
72
68
43
0
44
85
43
85
0
28
123
52
424
315
472
378
356
410
248
416
376
306
410
182
408
394
269
421
120
387
421
239
429
78
367
427
212
832
514
890
644
607
832
472
877
683
597
848
422
881
713
572
902
367
892
745
566
777
281
790
677
460
1355
844
1474
1013
905
1386
791
1484
1047
893
1248
673
1336
941
816
1126
557
1189
882
739
1002
470
1031
829
653
1825
1190
1956
1364
1226
1670
1054
1776
1248
1096
1512
920
1628
1144
977
1386
794
1477
1039
893
1258
661
1329
947
816
