149
111
159
129
125
65
33
58
64
53
0
0
0
7
0
0
0
0
20
0
11
0
0
53
0
451
302
474
366
345
384
218
414
330
290
327
142
351
338
225
341
63
296
337
171
359
0
272
388
135
946
578
1028
719
622
941
477
986
713
573
943
402
982
757
558
968
329
992
804
541
824
217
810
695
430
1630
978
1784
1194
1090
1663
906
1778
1249
1063
1482
750
1577
1126
914
1287
586
1367
1014
762
1120
446
1165
904
658
2251
1454
2443
1660
1479
2043
1262
2206
1493
1305
1849
1072
1987
1361
1193
1663
906
1778
1249
1062
1482
750
1578
1126
910
