149
111
159
128
125
65
33
58
59
56
0
0
0
10
0
0
0
0
20
0
11
0
0
53
0
451
300
474
367
344
379
218
409
331
290
329
142
352
332
227
340
63
296
341
177
364
0
273
381
135
946
575
1031
719
619
936
477
986
717
573
943
402
979
757
558
964
330
992
802
538
823
215
810
692
428
1630
978
1784
1194
1090
1663
906
1778
1249
1063
1482
750
1577
1128
910
1287
589
1367
1015
762
1122
448
1165
904
658
2251
1454
2443
1660
1479
2043
1262
2206
1493
1305
1849
1072
1987
1361
1193
1663
906
1778
1246
1062
1483
750
1577
1126
915
