149
111
159
130
130
65
33
58
59
60
1
0
0
9
0
0
0
0
21
0
11
0
0
53
0
451
300
476
370
345
379
218
414
337
289
337
142
351
341
229
341
63
296
344
179
362
0
274
381
144
946
576
1028
721
624
941
478
986
711
574
943
402
978
763
558
977
330
993
803
544
836
214
810
702
429
1630
978
1784
1194
1090
1663
906
1778
1249
1062
1482
750
1577
1126
915
1287
586
1369
1015
762
1120
447
1169
909
658
2251
1454
2443
1660
1479
2046
1262
2206
1493
1305
1849
1072
1987
1361
1193
1663
906
1778
1249
1062
1482
750
1577
1126
918
