149
111
159
128
127
65
33
58
59
57
1
0
0
9
0
0
0
0
21
0
11
0
0
53
0
451
300
475
368
345
379
218
414
336
289
337
142
351
330
229
338
63
296
344
179
362
0
272
380
143
946
576
1028
721
620
941
477
986
711
574
943
402
978
762
558
968
330
993
803
538
825
214
810
702
429
1630
978
1784
1194
1090
1663
906
1778
1248
1062
1482
750
1577
1126
915
1287
586
1367
1013
762
1120
447
1165
904
658
2251
1454
2443
1660
1479
2046
1262
2206
1493
1305
1849
1072
1987
1361
1193
1663
906
1778
1249
1062
1482
750
1577
1126
910
