161
116
168
135
131
81
41
85
75
70
18
0
17
31
28
5
0
0
20
2
29
0
0
75
7
442
302
474
365
343
386
227
414
337
289
364
157
364
344
245
381
84
334
367
213
392
31
338
389
182
884
520
947
666
595
874
467
918
680
581
888
412
911
722
560
921
349
938
754
536
775
241
770
675
434
1458
913
1570
1090
975
1491
841
1598
1126
948
1325
696
1426
1024
834
1185
567
1252
928
744
1048
451
1087
851
646
1994
1306
2149
1486
1325
1812
1136
1948
1346
1193
1643
993
1746
1235
1067
1491
842
1598
1126
951
1325
696
1426
1024
833
