161
116
168
133
131
80
41
84
75
70
18
0
17
20
28
4
0
0
20
2
29
0
0
75
7
442
302
474
363
343
386
227
414
327
289
358
157
364
344
245
376
84
334
367
213
392
26
338
389
182
884
520
947
666
595
874
467
912
680
581
888
412
910
722
560
921
345
938
754
533
770
241
767
672
434
1458
913
1570
1090
975
1491
841
1598
1126
948
1325
696
1426
1024
833
1185
567
1252
921
744
1048
451
1087
851
646
1994
1306
2149
1486
1325
1812
1136
1948
1346
1193
1643
993
1746
1234
1067
1491
842
1598
1126
951
1325
696
1426
1024
833
