161
116
168
136
134
80
41
83
73
70
21
0
14
22
33
4
0
0
20
2
31
0
0
75
7
439
302
468
363
344
385
227
414
336
283
358
157
364
340
239
380
84
345
375
209
398
22
336
388
184
884
523
947
663
595
874
467
912
680
585
888
412
911
732
560
918
349
938
754
536
769
241
767
673
434
1458
913
1570
1090
975
1491
842
1598
1126
948
1325
696
1426
1025
833
1185
567
1252
922
744
1051
451
1087
856
651
1994
1306
2149
1486
1325
1812
1136
1948
1346
1193
1643
993
1746
1230
1068
1491
842
1598
1126
951
1325
696
1426
1024
833
