177
152
163
143
204
93
62
81
66
128
9
0
7
3
88
0
0
0
0
51
15
5
7
3
39
496
412
418
375
504
424
327
350
292
453
386
248
292
219
411
349
170
290
184
406
368
90
264
141
404
930
771
823
682
955
895
704
760
624
958
905
635
765
578
971
917
552
792
536
991
760
409
657
426
851
1575
1272
1372
1117
1563
1568
1186
1381
1050
1580
1369
1011
1216
927
1441
1201
849
1053
789
1261
1070
697
917
662
1115
2140
1835
1962
1532
2175
1920
1582
1758
1356
1952
1747
1362
1546
1208
1751
1568
1186
1381
1050
1580
1369
1011
1216
927
1425
