177
152
161
152
199
84
54
81
61
126
14
1
7
3
85
0
0
0
0
48
15
5
7
3
39
478
404
418
369
508
421
327
343
292
462
381
241
315
219
409
349
184
248
184
402
369
98
251
149
393
927
771
813
668
955
895
704
756
624
951
895
635
749
578
944
923
552
762
536
974
779
399
650
421
831
1575
1269
1372
1114
1563
1560
1182
1375
1049
1580
1353
1011
1207
913
1425
1202
849
1035
789
1249
1048
695
913
662
1115
2140
1835
1962
1527
2175
1912
1581
1753
1358
1952
1747
1362
1546
1199
1744
1560
1182
1375
1049
1580
1357
1003
1207
913
1425
