155
141
137
126
180
13
35
23
32
68
0
0
0
0
0
0
0
0
0
0
0
0
0
0
0
648
529
558
441
695
453
344
374
273
566
307
183
209
168
425
130
70
85
64
296
44
0
62
0
194
1490
1241
1262
950
1535
1335
998
1109
770
1386
1240
731
1028
601
1334
1195
523
964
506
1352
877
243
698
259
1043
2720
2202
2348
1809
2751
2672
1979
2338
1686
2757
2292
1608
1968
1362
2402
1926
1204
1618
1043
2015
1577
877
1296
758
1695
3993
3358
3631
2707
4058
3524
2827
3171
2324
3574
3083
2392
2738
1995
3149
2674
1979
2329
1686
2757
2296
1601
1967
1365
2393
