155
141
137
126
180
13
35
23
32
68
0
0
0
0
0
0
0
0
0
0
0
0
0
0
0
648
529
558
441
695
453
344
374
274
564
308
183
215
168
425
143
70
95
65
296
46
0
62
0
196
1491
1242
1265
950
1531
1339
999
1108
770
1390
1240
732
1034
601
1340
1198
523
978
507
1354
878
243
709
260
1043
2720
2201
2347
1810
2752
2685
1978
2338
1686
2759
2300
1604
1967
1371
2396
1929
1209
1618
1040
2015
1572
877
1296
756
1697
3993
3358
3631
2707
4058
3524
2827
3170
2325
3574
3087
2388
2739
1999
3149
2684
1979
2329
1688
2757
2297
1607
1966
1371
2393
