155
141
137
126
180
13
35
23
32
70
0
0
0
0
0
0
0
0
0
0
0
0
0
0
0
648
529
558
441
695
453
344
374
274
572
319
183
216
168
425
143
70
97
65
296
46
0
62
0
197
1503
1242
1265
950
1533
1356
999
1108
771
1390
1240
734
1034
601
1340
1198
523
978
511
1359
878
243
711
263
1043
2722
2206
2348
1812
2753
2685
1985
2338
1686
2763
2300
1607
1969
1371
2396
1929
1209
1619
1040
2015
1572
877
1296
765
1697
3993
3358
3631
2707
4058
3524
2827
3170
2327
3574
3088
2388
2740
2003
3153
2684
1979
2330
1688
2760
2297
1610
1966
1371
2393
