156
141
137
127
180
13
35
23
32
74
0
0
0
0
0
0
0
0
0
0
0
0
0
0
0
648
529
559
441
698
459
344
374
274
570
321
183
209
168
426
143
70
85
65
296
49
0
62
0
195
1499
1242
1261
950
1533
1337
999
1117
770
1390
1240
731
1034
601
1334
1199
524
977
506
1354
878
244
694
261
1043
2720
2203
2351
1812
2751
2684
1982
2338
1689
2760
2302
1607
1971
1366
2398
1934
1205
1617
1050
2019
1577
877
1294
753
1700
3993
3358
3631
2708
4058
3525
2827
3171
2328
3574
3085
2394
2738
2005
3149
2683
1979
2329
1686
2757
2299
1610
1969
1369
2398
