155
141
137
126
180
13
35
23
32
71
0
0
0
0
0
0
0
0
0
0
0
0
0
0
0
648
529
558
441
697
453
355
374
274
566
307
183
209
168
426
130
70
85
64
296
44
0
62
0
194
1490
1241
1262
950
1535
1335
999
1109
770
1386
1240
731
1028
601
1334
1195
523
964
508
1352
877
243
706
259
1043
2720
2203
2348
1809
2751
2678
1981
2338
1688
2757
2292
1608
1968
1362
2402
1928
1204
1618
1049
2015
1577
877
1296
759
1695
3993
3358
3631
2707
4058
3524
2827
3171
2325
3574
3087
2392
2738
1997
3149
2677
1979
2329
1686
2757
2301
1604
1967
1365
2393
