178
158
169
155
207
90
77
89
87
144
33
20
31
46
89
42
18
23
25
71
68
26
36
33
70
480
447
459
392
505
432
370
404
330
476
408
301
357
290
465
380
236
328
253
465
377
165
311
209
470
827
732
747
663
852
841
690
733
637
863
849
637
750
612
881
847
574
769
573
891
716
450
650
469
792
1382
1136
1247
982
1390
1354
1036
1231
954
1392
1199
905
1085
847
1244
1077
795
974
760
1116
968
690
864
673
998
1832
1596
1694
1349
1885
1666
1403
1535
1203
1711
1516
1219
1387
1059
1548
1354
1036
1231
954
1392
1201
904
1085
847
1245
