177
158
169
153
207
95
80
89
89
144
26
21
26
47
90
40
18
20
21
57
68
26
36
34
67
479
447
459
393
506
431
370
404
330
476
393
299
358
289
458
370
233
325
242
463
377
175
305
220
459
827
732
748
663
851
841
690
733
637
868
854
637
750
612
879
849
572
758
573
884
709
449
655
463
787
1380
1136
1247
982
1390
1354
1036
1231
954
1392
1199
904
1085
847
1245
1077
795
976
763
1119
968
690
864
673
1000
1832
1596
1694
1349
1885
1666
1403
1535
1203
1711
1516
1219
1387
1055
1548
1354
1036
1231
954
1392
1201
904
1085
847
1245
