179
159
169
156
207
90
77
89
88
144
33
20
32
46
89
42
18
23
25
74
68
26
36
33
73
480
449
459
394
505
432
370
409
330
476
408
304
357
290
465
383
242
334
253
468
387
182
311
209
470
827
732
748
663
852
841
690
733
637
863
849
637
750
612
881
847
574
769
573
891
729
453
650
469
792
1382
1136
1247
983
1390
1354
1036
1231
954
1392
1199
905
1085
847
1245
1077
795
974
760
1116
968
690
866
673
998
1832
1596
1694
1349
1885
1666
1403
1535
1203
1711
1516
1219
1387
1059
1548
1354
1036
1231
954
1392
1201
905
1085
847
1245
