193
162
175
158
207
111
80
101
101
150
28
37
36
47
113
48
29
31
23
81
77
29
44
34
79
480
449
461
392
506
438
376
413
335
488
419
299
360
297
465
389
248
326
269
468
398
202
316
206
490
827
732
750
663
862
842
691
742
639
873
854
637
750
612
887
861
574
772
574
900
726
454
655
472
817
1383
1136
1252
995
1391
1357
1038
1244
964
1396
1201
908
1089
847
1255
1084
800
981
760
1129
970
696
891
673
993
1834
1596
1705
1349
1887
1668
1406
1535
1205
1711
1518
1222
1394
1068
1554
1359
1042
1243
958
1398
1203
908
1092
848
1248
