157
125
157
134
126
52
29
45
73
42
17
0
5
16
23
0
0
0
26
0
0
0
0
53
0
512
304
538
386
357
395
232
443
368
299
324
142
353
343
231
327
55
327
357
159
343
0
249
391
91
1092
630
1161
803
716
1064
509
1122
826
646
1059
399
1156
870
615
1087
330
1105
904
569
947
177
875
789
445
1879
1123
2034
1386
1206
1926
1020
2058
1425
1186
1687
816
1816
1299
1018
1462
642
1586
1169
876
1276
463
1332
1036
686
2641
1691
2856
1930
1713
2392
1451
2568
1737
1519
2150
1221
2301
1581
1343
1926
1024
2058
1432
1186
1687
823
1816
1299
1012
