167
137
190
141
158
106
72
106
94
105
63
25
60
87
89
41
2
32
69
56
79
0
41
107
66
424
315
466
375
361
404
258
416
368
305
387
194
431
393
285
397
142
376
390
258
414
84
366
413
256
821
516
890
644
607
822
472
879
686
597
846
427
884
708
572
886
367
913
748
560
792
284
798
675
463
1351
847
1461
1008
892
1389
797
1476
1035
893
1240
679
1328
948
816
1130
555
1184
883
739
1002
471
1035
811
656
1800
1190
1951
1358
1225
1650
1054
1775
1248
1094
1512
920
1623
1144
974
1389
797
1470
1038
893
1240
658
1326
948
816
