157
141
137
127
180
13
35
23
33
68
0
0
0
0
0
0
0
0
0
0
0
0
0
0
0
648
529
565
443
698
461
355
375
290
575
323
183
229
168
457
166
70
111
76
307
57
0
62
0
198
1490
1241
1265
951
1536
1339
1002
1120
779
1413
1246
732
1042
602
1365
1196
538
992
509
1362
885
258
713
261
1081
2721
2200
2354
1810
2751
2696
1979
2338
1688
2759
2294
1641
1973
1381
2410
1924
1206
1622
1083
2050
1583
881
1312
759
1708
3993
3358
3631
2708
4058
3524
2828
3171
2326
3575
3082
2397
2737
1995
3153
2700
1979
2329
1690
2759
2294
1641
1970
1381
2410
