195
154
169
157
215
96
63
93
87
152
48
5
38
28
72
20
8
18
6
51
48
17
21
15
56
481
427
455
380
499
444
343
393
317
451
426
280
337
270
427
385
194
310
221
436
372
140
298
199
467
873
734
776
667
908
859
680
759
644
923
887
640
776
601
936
890
573
777
567
939
741
447
660
453
838
1482
1200
1316
1039
1480
1465
1102
1316
988
1490
1280
950
1168
875
1342
1132
821
1033
772
1187
1004
699
903
671
1050
1972
1705
1822
1434
2014
1782
1478
1637
1272
1816
1633
1294
1471
1119
1655
1472
1099
1319
989
1490
1285
951
1158
877
1339
