192
158
167
155
213
100
66
96
92
140
52
5
35
42
93
19
8
12
4
55
48
17
20
15
64
481
426
451
380
499
459
345
396
317
465
421
280
334
274
434
372
200
306
223
446
371
152
308
185
462
860
744
771
667
908
866
681
749
642
919
879
640
757
610
935
890
567
775
569
934
764
447
653
456
842
1481
1202
1311
1038
1492
1474
1099
1305
985
1487
1291
954
1164
865
1349
1134
828
1032
772
1197
1026
695
904
674
1060
1984
1700
1838
1433
2013
1788
1481
1648
1276
1825
1633
1294
1481
1122
1654
1467
1099
1317
996
1504
1282
948
1170
869
1342
