248
234
272
186
289
201
136
173
162
290
274
146
157
212
258
244
71
247
86
351
340
40
299
150
225
678
561
637
552
715
620
414
538
397
687
609
385
553
443
506
577
432
579
370
788
546
364
669
303
716
1366
1115
1117
893
1254
1360
1061
1077
964
1308
1190
981
1143
902
1309
1339
855
1085
745
1355
1069
746
938
543
1250
2027
1730
1837
1491
2218
2116
1690
2005
1484
2203
1776
1344
1596
1134
1928
1645
1140
1462
1057
1651
1464
963
1291
1005
1441
2797
2460
2615
2130
2895
2613
2054
2357
1850
2641
2444
1887
2231
1758
2264
2015
1735
1902
1416
2243
1892
1395
1593
1267
1808
