167
146
156
133
189
67
61
56
49
124
0
0
0
0
38
0
0
0
0
0
0
0
0
0
0
508
422
449
365
537
414
311
375
278
455
327
192
275
202
407
223
89
188
110
365
197
17
175
68
336
1098
906
942
735
1099
1059
770
863
640
1062
974
659
821
597
1039
985
549
846
548
1045
825
337
674
373
934
1905
1560
1656
1290
1936
1886
1422
1660
1241
1934
1656
1184
1417
1052
1729
1416
962
1214
878
1496
1206
729
1032
680
1277
2707
2296
2456
1905
2731
2399
1978
2171
1637
2431
2144
1683
1919
1412
2175
1865
1425
1654
1235
1928
1653
1186
1436
1054
1708
