188
135
199
170
149
135
72
151
150
111
145
62
100
141
62
168
14
92
146
81
140
11
88
175
86
479
326
486
400
373
459
269
466
404
345
463
228
437
410
315
467
171
437
430
283
460
132
424
432
285
805
540
871
635
604
786
488
843
654
595
804
454
876
684
591
899
400
873
703
561
750
320
741
648
481
1193
798
1281
953
842
1278
759
1366
939
828
1168
654
1190
884
772
1027
586
1080
820
706
941
503
972
771
649
1562
1100
1685
1200
1127
1445
979
1549
1104
979
1359
879
1465
1008
905
1241
780
1322
1004
829
1123
667
1190
882
769
