181
134
196
170
149
142
77
132
147
103
133
30
83
131
73
153
9
92
153
70
146
11
99
178
76
479
326
486
400
373
459
279
458
404
348
446
223
428
412
316
459
171
438
424
283
460
131
428
432
255
760
527
871
628
604
815
488
872
654
597
825
448
859
698
579
841
400
874
703
567
732
331
740
648
479
1193
818
1356
928
859
1241
759
1322
973
830
1127
694
1230
882
769
1028
576
1081
820
706
932
508
972
771
638
1562
1081
1719
1244
1112
1473
995
1600
1128
988
1374
882
1416
1071
900
1211
779
1322
964
828
1123
667
1186
882
769
