387
181
234
203
289
263
225
238
273
263
191
190
176
215
295
238
173
221
140
273
319
111
206
166
303
656
569
544
524
636
637
462
598
551
588
637
328
572
381
599
575
428
655
439
571
639
420
529
308
774
1210
961
1102
827
1161
1127
943
1081
794
1192
1092
838
1043
754
1341
1118
669
1162
687
1218
1001
764
786
747
1073
1821
1529
1623
1334
1846
1863
1370
1888
1273
1883
1722
1232
1507
1062
1719
1465
1185
1424
1006
1597
1474
926
1287
893
1513
2509
2351
2332
1809
2497
2302
2006
2019
1538
2369
2040
1669
1922
1498
2088
1800
1471
1685
1231
1948
1625
1310
1450
1162
1703
