175
147
161
140
209
48
69
74
74
120
7
0
36
0
62
0
0
0
0
11
0
0
0
0
6
499
427
439
374
515
418
318
366
304
453
344
224
299
209
388
316
116
237
137
373
286
48
247
103
378
1023
840
862
675
1021
945
719
786
621
986
925
634
772
573
999
929
550
800
516
1013
768
430
676
409
840
1678
1375
1486
1201
1715
1695
1272
1499
1154
1714
1503
1083
1311
968
1535
1284
867
1118
825
1366
1096
711
943
655
1167
2365
2043
2181
1691
2439
2132
1761
1937
1493
2155
1888
1475
1708
1305
1920
1695
1273
1495
1138
1715
1494
1073
1318
955
1531
