164
142
163
135
189
52
40
50
42
106
0
0
0
0
24
0
0
0
0
0
0
0
0
0
0
569
481
511
369
602
415
317
367
280
489
293
190
220
170
412
208
77
168
80
287
133
4
93
15
308
1225
1029
1065
840
1285
1139
849
952
722
1170
1096
685
911
578
1210
1069
559
898
498
1171
833
286
672
316
946
2179
1784
1912
1502
2255
2203
1627
1911
1402
2253
1865
1347
1634
1178
1964
1596
1097
1400
975
1681
1388
782
1142
716
1460
3187
2681
2892
2200
3237
2827
2282
2543
1890
2870
2482
1932
2232
1649
2551
2193
1626
1905
1396
2254
1875
1345
1652
1191
1960
