169
151
158
148
195
53
70
97
91
118
9
13
19
39
51
0
0
0
2
7
0
0
0
0
0
519
477
458
372
552
418
317
358
289
464
335
191
301
201
422
240
103
236
143
389
253
29
208
103
390
1122
947
942
747
1104
1048
800
870
651
1063
1014
668
882
584
1061
991
543
848
547
1078
809
351
679
404
933
1915
1560
1664
1290
1946
1890
1437
1675
1235
1953
1669
1184
1424
1062
1710
1441
967
1221
858
1509
1191
763
1045
695
1295
2700
2293
2451
1875
2727
2413
1958
2176
1648
2437
2149
1667
1906
1420
2177
1890
1437
1675
1235
1953
1669
1184
1424
1062
1710
