204
137
226
185
160
185
85
172
177
117
175
44
148
186
93
186
30
139
191
90
194
28
137
213
83
478
330
495
400
377
471
277
482
402
350
460
231
477
416
330
476
193
471
424
305
483
145
474
445
283
765
531
832
619
586
789
488
862
640
579
817
449
877
657
572
840
413
875
691
555
736
336
767
638
480
1176
776
1242
866
808
1193
742
1264
891
794
1090
658
1145
844
739
1004
570
1066
793
682
918
493
963
745
623
1517
1038
1615
1147
1032
1408
931
1488
1049
937
1282
832
1359
958
864
1186
742
1246
896
794
1094
658
1147
844
739
