205
137
232
186
164
179
85
184
174
125
176
45
160
185
111
181
36
152
187
103
201
29
151
242
85
482
330
499
400
375
467
277
496
406
353
460
231
479
426
324
464
199
469
431
311
494
144
476
453
285
776
531
832
619
586
786
488
867
640
579
810
449
877
664
574
836
415
889
691
553
760
338
779
634
486
1191
776
1247
865
808
1188
746
1256
891
794
1101
658
1157
844
739
1007
570
1062
797
682
922
493
987
745
623
1506
1031
1631
1147
1032
1407
936
1511
1056
937
1290
838
1371
971
864
1188
743
1245
904
794
1086
658
1154
844
739
