290
172
250
239
217
238
159
309
251
223
328
165
275
276
207
301
158
223
286
212
336
118
277
310
94
520
383
557
464
394
607
322
580
471
377
542
280
626
496
362
588
266
554
627
376
712
222
616
701
352
925
638
1065
730
698
948
667
1042
832
681
989
528
1059
819
648
1100
429
1025
847
657
1004
404
852
746
564
1428
917
1593
1118
927
1437
914
1540
1148
938
1346
817
1388
1094
892
1209
689
1281
1016
844
1186
597
1161
940
776
1877
1290
2103
1468
1300
1720
1129
1847
1399
1150
1564
1007
1751
1319
1056
1446
879
1565
1113
989
1261
812
1475
1077
875
