177
156
169
156
193
93
82
99
108
141
31
20
43
36
62
19
0
0
18
31
0
0
15
0
10
493
433
439
371
521
402
316
359
296
451
361
204
319
224
402
322
137
263
173
365
311
95
251
154
368
1023
895
862
692
1018
974
771
802
619
999
913
670
787
576
1013
936
530
802
539
1022
794
422
661
437
858
1689
1386
1490
1201
1731
1690
1284
1508
1152
1734
1506
1073
1324
975
1555
1324
905
1135
827
1355
1114
728
972
661
1205
2357
2025
2169
1670
2407
2135
1751
1935
1461
2148
1899
1489
1716
1299
1932
1690
1284
1496
1152
1734
1506
1073
1324
975
1555
