172
165
150
126
202
29
30
52
48
80
0
0
0
0
0
0
0
0
0
0
0
0
0
0
0
837
747
724
555
1036
566
418
478
343
821
312
201
233
191
576
140
67
96
58
373
4
0
26
0
177
2098
1768
1800
1266
2102
1847
1330
1529
996
1909
1643
982
1369
772
1717
1583
609
1224
603
1749
1052
254
790
285
1301
3958
3186
3259
2417
3809
3700
2743
3227
2281
3866
3171
2228
2654
1814
3306
2620
1676
2156
1337
2775
2085
1066
1691
935
2291
5664
4715
5123
3782
5759
4996
4022
4442
3220
5044
4348
3315
3806
2745
4425
3700
2743
3205
2281
3866
3171
2228
2654
1814
3306
