199
176
178
197
231
106
102
126
139
154
56
61
65
89
95
41
19
37
52
50
63
17
18
23
45
472
434
444
383
500
438
339
381
328
457
427
276
331
281
446
362
208
332
237
436
344
193
327
206
464
888
753
794
667
920
872
679
732
644
935
870
644
760
602
922
895
555
785
560
950
742
425
679
444
848
1484
1202
1310
1039
1488
1464
1104
1313
990
1489
1302
967
1162
860
1353
1137
828
1018
772
1197
1025
690
888
675
1070
1953
1697
1807
1425
2004
1771
1477
1613
1277
1813
1634
1294
1468
1126
1634
1464
1104
1313
990
1489
1302
967
1162
860
1353
