161
118
169
150
139
88
47
95
84
85
25
6
36
54
52
6
0
5
28
39
33
0
3
102
16
442
313
475
368
347
396
227
448
355
283
376
161
406
382
246
399
101
374
410
216
458
42
348
406
186
893
537
951
670
595
883
479
923
688
583
895
412
930
732
560
944
358
948
774
536
806
273
821
703
434
1458
915
1570
1096
977
1500
842
1601
1139
949
1325
705
1426
1034
833
1187
573
1267
941
744
1055
463
1114
864
645
1994
1307
2149
1489
1325
1823
1136
1951
1347
1194
1647
993
1759
1235
1073
1502
842
1605
1139
953
1325
704
1435
1034
833
