161
117
168
134
141
89
52
82
84
85
20
6
29
54
52
6
0
5
59
37
33
0
3
82
23
442
313
475
367
346
389
227
421
350
283
361
157
394
346
244
385
97
374
383
218
461
41
350
414
186
889
534
951
660
595
875
481
912
688
583
889
412
923
732
560
924
358
938
768
530
794
273
807
679
430
1458
913
1570
1090
975
1494
842
1598
1138
957
1325
699
1426
1025
833
1185
573
1267
929
744
1051
456
1106
864
645
1994
1306
2149
1486
1325
1812
1136
1948
1346
1193
1643
993
1746
1230
1067
1491
842
1598
1127
956
1325
699
1426
1025
833
