161
116
168
142
143
88
52
82
80
85
20
6
28
54
52
5
0
5
59
37
33
0
0
81
24
442
313
475
365
346
389
233
414
350
283
361
157
368
351
244
387
97
354
383
216
461
42
349
414
195
889
533
951
667
595
874
475
912
688
583
889
412
910
732
560
924
358
938
768
530
770
247
806
677
440
1458
913
1570
1090
975
1491
842
1598
1127
948
1325
699
1426
1025
833
1185
573
1254
927
744
1051
456
1106
864
645
1994
1306
2149
1486
1325
1812
1136
1948
1346
1193
1643
993
1746
1230
1067
1491
842
1598
1127
948
1325
699
1426
1025
833
