166
147
167
147
193
64
49
84
72
117
2
0
8
9
54
2
0
0
0
13
0
0
15
0
0
491
415
439
371
520
402
313
359
296
449
354
204
312
212
402
302
124
239
167
365
293
95
215
130
368
1023
838
862
689
1017
972
754
786
618
987
913
650
787
566
998
934
530
802
539
1022
777
381
659
437
846
1689
1386
1490
1201
1731
1690
1274
1500
1148
1733
1506
1073
1324
975
1551
1298
905
1133
823
1339
1114
715
947
655
1205
2357
2025
2169
1670
2406
2135
1751
1934
1454
2148
1899
1488
1712
1299
1932
1686
1273
1496
1147
1734
1506
1073
1321
975
1534
