155
147
160
138
192
60
49
68
52
115
1
0
0
7
37
0
0
0
0
14
0
0
0
0
0
484
409
435
371
513
390
311
357
283
444
312
202
287
200
383
284
116
244
159
355
296
67
196
129
347
1006
828
862
685
1016
948
721
776
618
979
902
643
770
566
991
921
530
792
539
1001
752
368
653
418
823
1678
1376
1486
1201
1715
1679
1273
1499
1138
1715
1490
1073
1307
968
1531
1274
870
1112
814
1339
1104
728
944
655
1178
2357
2025
2166
1670
2406
2131
1749
1932
1447
2148
1892
1482
1702
1299
1920
1677
1273
1490
1138
1713
1490
1073
1307
968
1531
