172
147
162
141
199
81
49
74
57
125
6
0
7
0
60
0
0
0
0
15
0
0
0
0
0
496
423
442
371
527
426
320
363
287
470
354
216
309
205
396
332
130
258
149
386
294
57
232
115
407
1025
831
869
685
1021
956
734
799
607
995
928
661
817
580
1009
949
562
834
535
1032
794
393
675
407
874
1689
1377
1514
1201
1719
1690
1279
1512
1147
1729
1502
1082
1319
977
1542
1295
881
1119
817
1366
1116
730
971
661
1193
2376
2028
2187
1674
2442
2132
1752
1937
1467
2166
1924
1489
1730
1304
1943
1696
1281
1513
1147
1737
1507
1073
1323
969
1535
