237
219
235
291
243
237
233
227
210
278
260
205
253
270
257
269
224
261
194
435
273
93
316
190
257
674
483
605
461
603
608
479
483
457
631
616
494
508
494
707
632
304
542
392
702
752
288
686
419
633
1114
866
936
798
1080
1104
827
882
716
1084
993
849
977
761
1050
1204
875
874
712
1157
964
515
857
685
1172
1746
1486
1507
1216
1747
1639
1419
1573
1161
1825
1547
1147
1356
1082
1605
1408
929
1295
1003
1451
1284
850
1078
819
1377
2275
2006
2105
1671
2383
2056
1828
2023
1478
2155
1809
1533
1748
1340
1821
1660
1279
1681
1233
1835
1535
1222
1451
1125
1587
