175
152
166
143
205
81
63
84
66
138
8
6
22
2
96
0
0
7
0
13
15
5
7
3
21
493
411
420
369
514
432
327
373
311
450
378
227
287
225
433
328
151
252
171
422
311
98
242
153
388
952
755
795
661
945
901
700
756
626
938
889
630
753
596
947
916
557
804
536
965
758
429
647
413
829
1580
1270
1372
1114
1574
1584
1186
1411
1048
1580
1378
998
1212
899
1425
1190
837
1053
779
1253
1051
690
912
657
1091
2172
1856
1981
1550
2206
1979
1600
1781
1350
1952
1749
1370
1546
1200
1765
1566
1182
1392
1113
1580
1366
1000
1218
899
1425
