168
157
166
144
211
79
81
84
75
128
23
5
4
3
70
23
0
2
0
8
36
5
7
3
62
493
411
457
377
501
434
343
363
288
461
361
241
322
219
405
344
196
279
180
380
301
74
263
138
430
929
778
795
704
950
892
707
755
635
937
889
627
749
590
954
908
580
767
536
959
750
394
661
413
820
1578
1270
1385
1114
1563
1566
1182
1384
1054
1588
1353
998
1212
907
1436
1198
840
1095
779
1243
1057
688
911
664
1105
2140
1849
1991
1537
2206
1912
1627
1781
1369
1976
1750
1362
1546
1200
1768
1568
1182
1411
1048
1580
1353
1021
1212
899
1436
