219
149
259
218
189
250
157
221
203
178
286
125
156
206
205
269
64
230
245
160
298
53
232
290
176
533
360
570
445
404
545
308
553
410
343
623
277
566
423
339
537
248
628
566
349
505
227
578
572
294
1021
616
1016
763
695
1039
527
999
801
681
1017
564
1058
830
689
1017
498
1012
841
654
911
441
864
760
595
1568
993
1624
1136
1031
1590
924
1714
1227
974
1393
802
1494
1130
874
1297
654
1374
1026
789
1170
547
1177
1014
708
2080
1347
2210
1523
1445
1877
1296
2051
1389
1241
1718
1067
1788
1278
1159
1538
982
1648
1307
1026
1418
827
1501
1056
930
