180
117
168
142
135
80
41
84
72
76
17
4
16
46
47
13
2
0
31
9
44
0
0
76
7
449
309
475
378
355
400
227
454
350
309
381
157
368
343
243
388
89
348
368
201
412
30
358
410
182
891
528
947
668
595
881
473
917
689
583
895
417
922
732
560
925
358
956
789
534
768
241
784
685
428
1486
931
1570
1105
980
1491
842
1613
1133
951
1325
696
1426
1026
849
1197
581
1257
928
742
1070
480
1101
856
651
1994
1324
2200
1518
1331
1812
1150
1948
1346
1207
1643
1000
1758
1257
1067
1491
842
1609
1167
948
1325
696
1426
1036
833
