182
180
173
157
217
125
97
115
103
161
87
51
70
70
124
85
49
65
45
95
96
49
63
52
108
493
450
454
405
520
457
394
420
365
501
421
327
384
323
506
410
263
366
274
506
406
221
364
245
517
838
717
743
670
869
850
690
744
636
873
847
642
747
607
888
830
581
764
579
884
734
473
660
483
794
1304
1080
1189
956
1337
1288
1006
1185
935
1330
1182
872
1047
845
1208
1068
785
951
750
1099
947
692
858
667
999
1731
1513
1611
1284
1793
1586
1345
1466
1143
1626
1431
1160
1320
1030
1482
1283
1008
1184
935
1330
1183
872
1051
845
1204
