184
181
182
154
218
124
103
116
106
155
82
53
74
67
126
78
36
61
40
104
98
48
60
52
96
493
450
454
406
520
453
394
420
359
501
420
332
381
323
509
403
266
365
286
501
400
210
348
243
512
836
717
743
670
869
848
690
744
636
873
849
642
747
607
881
834
581
764
582
883
726
472
656
476
792
1304
1082
1188
956
1337
1286
1004
1184
935
1330
1181
872
1047
845
1203
1068
785
952
750
1091
946
692
859
667
998
1731
1513
1611
1283
1793
1586
1345
1466
1135
1626
1431
1160
1320
1028
1482
1283
1004
1185
935
1331
1181
872
1047
845
1202
