201
181
182
157
218
145
101
131
103
165
96
64
76
67
135
96
48
68
48
109
105
57
64
53
109
498
450
454
406
524
463
394
423
366
507
436
334
386
318
506
410
265
372
273
511
406
222
361
245
517
838
717
743
670
873
850
691
750
639
877
850
642
752
607
894
851
581
764
578
899
730
473
665
485
792
1307
1110
1188
956
1347
1286
1021
1187
937
1331
1185
882
1060
845
1226
1071
785
959
752
1105
949
696
876
667
1004
1733
1513
1611
1294
1796
1589
1366
1466
1139
1626
1435
1167
1334
1028
1482
1307
1018
1193
940
1361
1185
874
1074
845
1225
