180
175
170
156
217
125
97
115
103
158
87
51
68
59
123
84
41
50
41
95
96
48
63
52
103
493
450
454
405
520
452
394
420
364
501
421
327
381
320
506
402
259
364
274
502
402
210
350
244
504
836
717
743
670
869
848
690
744
636
873
841
642
747
606
888
830
581
762
579
884
724
471
652
478
794
1304
1080
1188
956
1337
1285
1006
1185
935
1330
1182
872
1047
845
1208
1066
785
951
750
1093
946
692
858
667
998
1731
1513
1611
1283
1793
1586
1345
1466
1138
1626
1431
1160
1320
1028
1482
1283
1005
1184
935
1330
1181
872
1047
845
1204
