182
178
174
151
218
115
101
118
100
159
87
58
66
67
125
88
41
67
41
105
94
49
64
52
105
494
450
454
406
522
456
394
420
363
501
421
327
385
316
506
410
265
367
273
507
402
210
354
244
511
836
717
743
670
871
850
691
744
636
873
844
642
747
607
890
843
581
764
578
891
730
471
653
477
792
1307
1089
1188
956
1338
1286
1005
1187
936
1331
1185
872
1060
845
1208
1069
785
957
750
1104
945
692
865
667
1004
1733
1513
1611
1285
1793
1586
1345
1466
1139
1626
1432
1167
1324
1028
1482
1286
1009
1190
937
1330
1183
872
1055
845
1204
