311
228
230
190
298
206
197
215
123
243
202
114
171
114
281
205
114
229
76
236
237
53
292
62
161
653
521
487
385
663
655
486
493
429
637
547
430
605
387
604
498
313
377
399
706
490
323
478
330
787
1235
974
1104
828
1267
1147
1001
988
869
1230
1242
915
1106
796
1237
1215
741
1133
655
1359
1052
611
859
572
1115
2077
1702
1853
1452
2058
2126
1606
1873
1299
2060
1726
1301
1628
1330
1770
1606
1139
1381
1078
1667
1344
1017
1146
810
1442
2834
2368
2587
1928
2803
2506
2118
2246
1813
2525
2241
1783
2097
1701
2309
1992
1633
1799
1367
2037
1813
1284
1634
1197
1873
