147
102
152
136
127
34
40
36
73
36
0
0
0
0
0
0
0
0
0
0
0
0
0
4
0
719
412
816
565
493
543
267
581
482
336
358
132
390
409
213
227
36
233
371
80
263
0
179
377
28
1753
941
1943
1219
1095
1635
742
1735
1230
950
1557
546
1642
1226
769
1641
333
1580
1329
696
1321
154
1184
1105
438
3250
1803
3534
2273
1918
3227
1563
3472
2324
1845
2780
1196
2985
2106
1548
2421
846
2487
1825
1244
2003
564
2063
1581
944
4651
2862
5058
3325
2881
4164
2399
4483
2943
2510
3677
1972
3986
2618
2169
3227
1563
3472
2324
1835
2780
1196
2985
2106
1548
