147
102
152
136
127
17
26
32
42
34
0
0
0
0
0
0
0
0
0
0
0
0
0
4
0
700
412
785
565
486
531
254
576
481
334
347
121
380
382
209
224
36
228
343
80
241
0
146
360
16
1743
937
1893
1218
1095
1598
741
1732
1215
916
1557
518
1640
1205
769
1631
328
1580
1310
673
1309
154
1147
1100
428
3191
1793
3464
2270
1918
3204
1563
3472
2324
1841
2780
1196
2985
2066
1548
2403
846
2487
1811
1241
1994
563
2041
1557
940
4651
2862
5058
3322
2876
4163
2395
4483
2943
2510
3667
1972
3976
2618
2157
3204
1563
3472
2324
1825
2780
1196
2985
2048
1548
