257
181
234
224
212
261
148
206
237
186
240
149
303
202
203
325
133
268
243
180
373
113
129
302
143
571
323
614
460
395
514
327
516
474
414
613
281
557
511
338
532
295
544
573
286
614
202
592
570
317
984
669
1104
773
761
1009
543
1059
871
687
1040
551
1085
902
685
1083
508
1048
849
633
1049
463
893
825
602
1573
1016
1667
1232
1188
1637
869
1649
1205
1043
1473
802
1629
1140
975
1255
700
1351
1085
905
1125
576
1229
1031
731
2115
1385
2290
1521
1502
2019
1315
2062
1500
1289
1814
1104
1944
1388
1155
1643
1048
1697
1181
1054
1400
861
1489
1125
974
