181
125
204
160
151
137
66
151
131
105
101
20
104
111
78
97
0
58
124
61
131
2
61
148
55
455
317
475
390
363
454
267
426
391
332
435
205
424
402
306
436
152
421
408
259
459
108
415
437
237
777
526
821
635
609
814
475
854
668
600
847
422
860
697
582
864
387
872
735
565
770
300
774
675
488
1289
811
1372
942
867
1292
773
1359
987
857
1169
663
1231
906
790
1070
560
1110
852
725
962
467
987
790
646
1687
1130
1823
1259
1140
1541
1001
1667
1161
1032
1428
881
1502
1064
933
1281
773
1363
987
857
1180
666
1223
904
790
