186
123
203
160
152
127
65
143
129
104
80
10
74
110
73
98
0
42
117
58
114
2
52
169
54
454
317
468
389
362
440
267
450
395
332
452
205
423
401
303
446
149
393
412
266
457
101
427
428
236
777
526
830
635
609
795
475
834
667
600
834
422
859
694
579
867
387
863
735
561
765
300
757
660
484
1275
808
1358
936
867
1287
764
1359
983
857
1173
663
1236
904
790
1071
560
1107
852
725
962
467
993
791
646
1681
1128
1806
1259
1140
1541
1001
1647
1154
1028
1420
879
1505
1056
932
1289
766
1359
977
857
1163
661
1231
903
790
