279
135
311
153
184
295
218
224
145
144
135
28
126
189
130
85
0
95
63
84
74
0
138
128
9
755
350
611
460
356
1415
244
710
386
320
432
199
778
437
294
893
144
551
450
321
485
93
388
447
239
1049
528
1064
675
627
875
725
963
772
843
1007
459
974
792
604
1040
394
1070
814
595
891
302
990
729
464
1620
937
1812
1122
985
1825
897
1783
1148
1254
1700
755
1589
1119
881
1480
577
1550
939
751
1073
499
1228
904
1068
2209
1340
2187
1614
1405
1889
1237
2325
1459
1198
1720
1000
1891
1560
1284
1605
860
1852
1202
956
1642
709
1950
1045
896
