371
514
232
125
136
162
32
188
93
203
0
0
71
23
9
0
0
0
32
0
0
0
0
43
51
647
459
706
476
386
585
218
629
398
295
352
277
400
370
231
420
60
313
400
155
387
0
230
561
145
1112
795
1363
869
710
1217
551
1902
866
645
1143
460
1117
925
597
1098
327
1137
933
669
940
192
1274
802
434
2178
1123
2122
1390
1203
2689
1131
2119
1505
1641
1744
894
2006
1527
1050
1495
644
1733
1145
852
1600
464
1335
1076
696
3068
1804
3028
1978
1726
2857
1549
2983
2013
1701
2209
1334
2838
1577
1334
2097
1085
2509
1418
1192
1769
1350
2001
1365
1012
