164
115
162
178
139
37
21
38
82
210
0
0
23
0
0
0
0
0
1
0
0
0
0
26
0
590
376
914
476
383
489
217
495
387
282
349
131
362
369
224
295
86
271
395
136
313
43
760
449
63
1359
726
1933
1023
842
1241
585
1424
964
731
1344
432
1286
983
677
1284
310
2261
1083
598
1042
148
952
877
412
2307
1356
2514
1662
1449
2346
1191
2653
1748
1397
2038
928
2199
1550
1156
1789
714
2609
1428
1000
1557
479
1556
1233
796
3389
2070
3993
2394
2104
3177
1795
3367
2172
1847
3294
1494
2978
1920
1616
2365
1205
2519
1748
1402
2064
946
2218
1553
1162
