477
301
401
274
343
802
174
416
274
152
316
138
292
486
196
311
61
261
380
253
395
105
191
318
261
489
460
1054
404
443
495
372
842
421
501
617
322
626
678
500
511
203
670
530
319
612
163
519
530
326
952
548
1252
686
705
1012
541
962
735
638
972
578
1218
672
660
1128
471
1262
876
638
903
338
1239
777
650
1498
928
1423
1238
880
1243
994
1758
909
959
1321
674
1382
863
803
1449
588
1190
983
682
1228
562
1181
875
752
1784
1190
2033
1475
1107
1720
946
1707
1377
1137
1393
944
1672
1114
1021
1188
805
1483
973
869
1276
723
1700
940
903
