576
153
347
195
267
497
397
296
134
219
250
75
508
284
186
283
112
191
169
106
385
6
111
307
146
618
324
528
405
553
747
369
483
428
337
499
206
661
437
534
531
245
489
434
410
556
144
803
501
343
890
532
946
773
713
836
517
1251
708
606
1152
535
1119
794
587
1156
511
954
738
571
1044
300
1092
706
634
1363
827
1490
1069
985
1518
891
1763
1397
900
1277
753
1386
1072
808
1241
672
1348
972
741
1205
499
1194
941
650
2118
1227
2443
1373
1340
1947
1366
2044
1303
1040
1547
895
1765
1428
1231
1418
789
1429
1010
966
1481
667
1510
1097
884
