203
125
197
166
151
137
66
160
131
111
80
21
86
122
83
107
0
59
128
64
145
2
72
176
56
450
317
461
391
363
449
267
446
401
333
443
205
424
404
302
445
149
426
406
265
456
109
425
437
231
783
528
832
635
609
804
475
837
667
600
853
422
850
697
581
856
387
889
734
565
767
300
776
666
488
1286
815
1371
949
867
1311
780
1382
977
857
1177
661
1230
912
790
1058
569
1102
852
725
975
467
999
793
646
1696
1128
1839
1259
1140
1576
1001
1663
1165
1034
1420
886
1509
1065
933
1284
773
1375
978
857
1165
661
1229
909
790
