159
111
159
140
131
71
33
67
72
61
16
0
7
44
7
0
0
0
21
0
11
0
0
62
0
461
302
476
373
347
392
224
419
346
294
365
142
383
351
235
362
63
308
357
190
390
2
298
411
159
951
578
1040
731
627
944
480
992
713
576
962
408
992
785
561
1008
333
999
825
544
838
217
819
714
435
1638
979
1788
1201
1091
1666
906
1787
1249
1069
1495
757
1586
1143
921
1316
589
1380
1029
769
1146
461
1191
916
658
2262
1459
2457
1672
1479
2053
1265
2213
1501
1305
1856
1079
1991
1366
1194
1667
909
1785
1249
1064
1486
750
1580
1139
921
