151
111
166
140
133
70
33
63
74
67
6
0
0
17
3
0
0
0
26
0
11
0
0
61
0
458
302
487
374
345
399
218
429
338
294
360
142
385
340
235
369
63
314
366
194
386
0
302
404
155
955
578
1045
727
619
958
481
995
725
579
961
404
995
777
566
980
340
996
827
545
858
217
841
732
435
1636
983
1784
1205
1091
1671
906
1785
1251
1067
1483
757
1590
1140
919
1307
592
1379
1019
772
1138
454
1189
912
658
2269
1454
2453
1668
1479
2050
1262
2219
1500
1305
1857
1073
2000
1365
1194
1669
907
1785
1249
1070
1488
757
1585
1143
918
