152
142
147
130
189
31
39
44
37
90
0
0
0
0
4
0
0
0
0
0
0
0
0
0
0
566
462
494
372
602
439
317
363
272
505
317
182
243
170
428
220
77
143
81
325
149
0
130
11
303
1245
1030
1066
827
1268
1139
849
969
693
1186
1108
668
927
596
1163
1090
516
903
494
1203
834
302
716
333
973
2202
1787
1915
1502
2256
2215
1626
1923
1413
2253
1889
1356
1652
1175
1982
1624
1069
1393
962
1703
1363
786
1157
730
1440
3192
2683
2911
2202
3256
2832
2284
2571
1890
2882
2497
1942
2231
1648
2551
2215
1627
1902
1410
2252
1889
1343
1647
1181
1968
