154
142
147
130
189
36
39
45
37
94
0
0
0
0
6
0
0
0
0
0
0
0
0
0
0
571
462
492
370
602
434
321
366
271
494
300
182
246
174
407
207
77
157
80
325
143
0
124
9
274
1244
1027
1065
833
1269
1160
849
970
692
1174
1108
658
914
581
1157
1089
513
912
506
1193
860
288
702
332
959
2192
1788
1922
1507
2248
2201
1631
1916
1404
2252
1897
1345
1649
1177
1977
1625
1073
1395
954
1673
1360
789
1148
730
1446
3187
2685
2903
2200
3246
2842
2284
2547
1900
2873
2491
1941
2239
1644
2549
2207
1631
1925
1409
2259
1891
1346
1654
1175
1978
