147
102
152
136
118
17
17
32
41
34
0
0
0
0
0
0
0
0
0
0
0
0
0
0
0
695
412
785
565
486
530
254
574
464
333
351
121
387
390
210
212
36
228
328
82
238
0
156
335
0
1742
937
1894
1218
1094
1595
739
1738
1207
918
1561
518
1635
1211
768
1637
329
1579
1306
668
1304
137
1138
1100
428
3186
1793
3458
2271
1918
3204
1557
3472
2325
1841
2768
1193
2974
2054
1514
2401
846
2496
1814
1241
1998
563
2044
1563
942
4651
2862
5054
3322
2876
4152
2395
4483
2943
2508
3669
1970
3975
2619
2155
3206
1558
3475
2324
1828
2769
1193
2977
2050
1513
