147
102
152
136
118
17
17
32
41
34
0
0
0
0
0
0
0
0
0
0
0
0
0
0
0
698
412
788
565
487
530
254
571
463
336
358
121
387
393
216
220
36
232
343
87
237
0
156
339
0
1741
937
1898
1217
1095
1595
739
1739
1207
920
1578
518
1636
1211
768
1633
331
1585
1304
672
1300
137
1146
1100
429
3186
1793
3458
2269
1918
3208
1559
3479
2328
1837
2769
1193
2984
2065
1519
2400
855
2499
1814
1246
2005
565
2047
1558
940
4651
2862
5054
3322
2876
4155
2397
4483
2943
2511
3669
1970
3976
2618
2160
3210
1558
3480
2326
1830
2775
1195
2985
2058
1518
