147
102
152
136
118
17
17
32
41
34
0
0
0
0
0
0
0
0
0
0
0
0
0
0
0
695
412
793
564
490
530
254
575
465
337
351
121
391
395
209
217
36
229
343
93
243
0
152
342
0
1741
937
1894
1218
1095
1598
739
1741
1209
924
1573
518
1631
1219
771
1634
328
1580
1316
668
1295
137
1153
1105
432
3187
1793
3459
2267
1918
3215
1558
3475
2329
1841
2769
1193
2978
2056
1514
2395
852
2488
1810
1240
1999
566
2048
1565
945
4651
2864
5054
3322
2877
4155
2397
4486
2946
2510
3667
1966
3975
2628
2160
3205
1559
3472
2325
1831
2769
1194
2976
2062
1517
