232
176
304
211
208
238
142
294
208
182
285
121
280
243
160
135
83
225
273
156
311
68
246
292
141
527
379
584
449
409
539
360
535
478
342
582
303
611
488
326
575
276
502
487
310
593
276
504
549
339
881
632
993
760
686
904
558
1070
719
669
961
525
954
794
627
942
439
1030
823
640
895
341
957
725
553
1372
872
1502
1077
1060
1442
794
1582
1097
946
1331
749
1454
1033
910
1197
628
1239
920
775
1079
520
1089
882
676
1874
1225
2006
1424
1289
1725
1090
1885
1286
1138
1568
949
1680
1246
1027
1434
881
1563
1160
991
1287
748
1395
1054
896
