167
121
193
151
144
103
48
109
113
83
56
2
47
73
87
37
0
32
65
44
67
0
45
106
57
424
315
483
384
354
399
248
449
361
306
385
185
400
399
255
389
135
400
407
232
392
66
397
418
224
830
514
890
662
607
833
472
863
686
597
836
431
884
713
586
890
367
916
744
554
768
281
760
677
466
1348
877
1480
1011
919
1377
823
1470
1034
893
1240
699
1331
978
829
1121
572
1184
881
739
996
471
1028
840
647
1815
1207
1968
1407
1225
1659
1105
1792
1248
1125
1524
949
1626
1148
1001
1377
824
1470
1072
932
1246
743
1326
948
832
