180
126
180
173
163
114
75
103
94
91
56
15
43
54
52
11
1
17
61
53
35
0
16
118
41
473
313
475
368
347
404
243
448
358
283
395
162
406
382
255
439
107
374
410
220
461
76
378
433
222
898
546
951
690
595
883
488
928
688
583
895
412
930
732
560
944
362
964
783
551
806
290
821
703
469
1458
917
1587
1096
981
1506
851
1605
1139
965
1325
705
1449
1047
833
1187
580
1277
948
744
1063
473
1125
864
645
1994
1307
2149
1489
1325
1823
1136
1951
1349
1194
1649
993
1763
1235
1080
1506
851
1605
1139
965
1325
701
1449
1047
833
