146
105
151
128
123
48
25
50
54
46
0
0
0
5
0
0
0
0
3
0
0
0
0
33
0
493
304
537
392
344
394
218
434
371
287
342
129
359
342
209
334
50
283
343
142
342
0
242
386
89
1070
630
1157
794
710
1041
505
1113
805
638
1053
395
1091
839
594
1076
310
1089
895
564
911
168
881
775
435
1878
1123
2035
1379
1201
1912
1017
2051
1418
1171
1687
807
1793
1278
1010
1477
637
1560
1151
852
1264
451
1308
1013
684
2644
1686
2869
1943
1709
2381
1454
2575
1740
1512
2150
1221
2308
1569
1337
1908
1018
2048
1414
1173
1688
816
1781
1290
1010
