218
186
186
157
237
167
116
140
117
178
107
59
85
75
153
117
72
89
52
115
120
59
84
60
139
505
452
459
406
528
480
394
427
369
516
461
334
390
328
527
436
281
392
287
515
422
238
367
258
523
839
717
751
670
880
867
695
751
636
883
873
649
758
607
904
869
590
777
580
905
749
477
688
490
821
1327
1094
1201
959
1347
1309
1017
1198
936
1348
1196
884
1090
845
1235
1085
787
982
750
1115
965
698
876
668
1006
1752
1527
1641
1289
1811
1589
1345
1483
1158
1639
1435
1181
1329
1042
1510
1309
1016
1207
935
1342
1189
881
1074
846
1242
