216
187
182
161
232
156
110
144
115
183
123
72
85
78
147
108
68
89
48
124
114
65
90
63
145
510
450
457
406
529
486
396
427
366
514
466
340
391
329
515
443
281
394
296
518
436
237
374
259
539
838
717
755
670
872
859
691
758
639
883
875
642
772
607
897
887
589
788
584
909
756
476
680
484
834
1346
1097
1213
960
1357
1319
1018
1222
942
1368
1197
890
1102
847
1247
1082
792
966
752
1123
970
694
886
668
1027
1769
1530
1623
1301
1822
1602
1357
1478
1156
1654
1442
1188
1342
1040
1503
1318
1022
1216
936
1366
1197
884
1077
847
1236
