209
184
182
159
229
140
107
145
111
172
114
68
88
70
133
108
52
83
47
125
117
51
85
52
139
504
451
456
406
528
482
394
423
362
510
451
333
389
325
518
428
267
378
285
508
417
230
377
263
529
840
717
748
670
869
861
691
755
636
883
854
643
768
607
901
867
581
781
581
908
749
473
676
489
818
1311
1091
1203
959
1342
1322
1014
1204
935
1339
1196
880
1075
845
1236
1086
787
973
750
1126
957
692
880
667
1011
1736
1533
1629
1293
1802
1597
1345
1472
1157
1640
1441
1171
1342
1034
1497
1301
1027
1188
937
1345
1186
877
1080
845
1212
