152
142
147
135
189
44
40
44
41
89
0
0
0
15
12
0
0
0
0
0
0
0
0
0
0
552
513
497
374
602
422
331
361
279
523
299
182
231
183
410
170
77
152
94
289
143
0
145
16
264
1218
1041
1081
834
1263
1160
844
951
698
1175
1093
663
889
612
1177
1087
505
877
509
1213
855
285
698
332
983
2185
1787
1913
1502
2244
2187
1633
1900
1393
2256
1876
1364
1640
1175
1962
1631
1073
1381
957
1680
1335
776
1131
733
1441
3179
2681
2892
2187
3237
2827
2282
2547
1895
2874
2479
1944
2235
1661
2548
2203
1633
1900
1393
2256
1874
1364
1640
1175
1959
