185
158
161
151
203
81
56
81
61
126
24
9
4
3
72
0
0
0
0
48
15
5
7
3
39
496
410
418
372
510
424
327
348
295
462
387
241
315
219
409
354
184
277
184
402
369
98
274
155
391
930
783
819
681
955
895
704
759
624
956
895
635
751
578
956
923
552
789
536
991
758
409
650
436
851
1575
1269
1372
1117
1563
1566
1186
1381
1049
1580
1369
1007
1216
913
1425
1202
849
1035
789
1251
1070
702
917
660
1115
2140
1835
1962
1527
2175
1912
1581
1754
1358
1952
1747
1362
1546
1204
1749
1566
1186
1381
1049
1580
1369
1007
1216
914
1425
