157
150
154
136
189
53
63
55
77
105
0
0
0
3
34
0
0
0
0
0
0
0
0
0
0
505
447
445
372
549
418
317
351
281
463
335
188
258
183
401
239
103
210
103
369
248
29
174
73
384
1121
919
942
739
1104
1035
779
868
638
1057
1002
668
833
590
1049
977
543
846
547
1072
784
350
667
404
902
1909
1560
1656
1289
1939
1872
1422
1655
1235
1938
1669
1184
1418
1062
1710
1431
960
1216
858
1488
1191
747
1031
678
1284
2700
2293
2451
1873
2727
2404
1951
2169
1639
2432
2146
1664
1906
1418
2176
1882
1422
1655
1235
1938
1669
1184
1418
1062
1710
