163
146
138
126
195
14
29
21
32
56
0
0
0
0
0
0
0
0
0
0
0
0
0
0
0
837
689
709
536
908
560
409
458
338
736
312
197
231
160
515
99
66
78
58
369
4
0
26
0
172
2035
1677
1720
1260
2102
1847
1327
1525
996
1886
1643
940
1345
763
1717
1531
597
1224
603
1732
1031
246
784
282
1292
3830
3063
3257
2417
3803
3700
2737
3222
2266
3866
3171
2196
2654
1785
3268
2598
1617
2155
1316
2765
2062
1066
1691
927
2234
5664
4715
5123
3782
5759
4996
3970
4442
3220
5044
4330
3315
3802
2731
4425
3700
2737
3199
2258
3866
3171
2196
2654
1785
3267
