171
154
165
143
193
63
49
68
52
115
2
0
9
3
41
0
0
0
0
14
0
0
13
0
0
486
422
439
371
532
396
312
358
296
444
328
203
289
212
388
287
124
247
173
355
296
65
211
145
368
1023
895
862
684
1017
970
765
781
618
985
913
664
784
566
1004
926
530
802
539
1022
790
406
661
437
830
1678
1376
1486
1201
1715
1686
1273
1502
1138
1718
1505
1073
1312
975
1534
1301
867
1126
827
1339
1114
728
971
655
1190
2357
2025
2166
1670
2406
2133
1749
1934
1447
2148
1895
1482
1703
1299
1920
1686
1273
1491
1142
1720
1505
1073
1311
975
1551
