180
164
171
181
220
120
101
108
122
157
71
32
43
83
110
58
32
26
67
84
94
26
49
57
99
487
449
461
403
505
447
377
407
329
478
417
315
366
315
468
402
257
345
271
475
371
206
316
240
471
827
732
748
663
865
844
690
733
643
870
859
637
750
617
882
877
574
759
585
896
753
454
685
478
802
1384
1139
1248
982
1393
1357
1039
1231
954
1394
1207
916
1106
847
1255
1084
796
984
764
1130
973
690
872
673
1005
1832
1596
1694
1349
1885
1666
1403
1535
1206
1711
1518
1222
1391
1059
1554
1361
1042
1240
954
1399
1207
916
1105
847
1265
