157
141
137
132
180
18
35
46
34
69
0
0
0
0
2
0
0
0
0
0
0
0
0
0
0
648
529
565
445
719
466
355
385
291
586
319
183
242
168
450
170
70
142
76
321
57
0
77
3
198
1490
1245
1266
951
1539
1384
1002
1131
779
1419
1242
732
1047
615
1365
1207
538
1007
523
1386
883
259
713
269
1076
2721
2209
2358
1810
2757
2700
1979
2343
1690
2759
2302
1641
1981
1381
2410
1942
1206
1620
1089
2064
1583
884
1335
769
1708
3993
3358
3634
2708
4058
3524
2828
3171
2328
3575
3089
2397
2747
2000
3157
2700
1997
2329
1693
2759
2302
1641
1981
1381
2410
