200
137
224
188
164
189
89
177
191
114
177
63
135
197
115
186
33
146
202
113
192
26
137
224
111
476
330
495
400
377
465
281
481
402
347
477
231
472
427
324
464
193
474
429
296
482
146
467
450
288
763
531
832
619
586
786
488
862
640
580
815
449
866
657
572
833
415
862
684
553
760
338
758
645
483
1153
776
1225
865
808
1170
742
1239
891
794
1079
658
1144
844
739
997
570
1062
793
683
899
493
963
739
623
1483
1028
1598
1123
1028
1371
931
1471
1038
937
1272
832
1344
958
864
1170
742
1239
891
794
1079
658
1144
844
739
