205
137
233
184
170
195
89
172
190
123
177
61
136
201
115
179
39
146
202
113
202
31
140
237
117
482
332
495
400
376
465
292
481
402
351
488
237
475
420
325
464
200
476
449
305
490
155
488
449
285
763
531
832
619
586
786
488
862
640
580
818
449
866
657
572
843
416
862
684
566
760
339
758
647
487
1153
776
1225
865
808
1170
742
1239
891
794
1079
658
1144
844
739
997
570
1062
793
683
916
506
963
739
623
1483
1028
1598
1123
1028
1371
931
1471
1038
937
1272
832
1344
958
864
1170
742
1239
891
794
1079
658
1144
844
739
