299
198
180
167
315
170
111
76
137
200
115
29
323
0
183
235
1
281
36
224
90
0
266
94
116
1057
818
888
691
1084
872
592
852
561
1031
814
427
782
429
1124
685
496
687
329
1252
807
203
993
478
1087
2329
1740
1908
1466
2312
2190
1476
1782
1455
2343
2183
1482
1805
1204
2226
1971
1063
2105
1112
2651
1827
895
1479
821
1987
4145
3298
3630
2702
4163
4049
2803
3667
2469
4262
3504
2709
3034
2012
3599
3020
1884
2701
1782
3430
2375
1432
2317
1240
2589
6035
5243
5690
3982
6044
5469
4234
4833
3458
5312
4627
3567
4300
2990
5051
4096
2900
4007
2527
4327
3615
2455
3117
2093
3772
