163
141
139
126
218
8
29
21
21
56
0
0
0
0
2
0
0
0
0
0
0
0
0
0
0
862
689
709
536
919
581
446
458
337
730
362
270
230
159
537
91
66
59
60
348
18
0
37
0
249
2039
1667
1750
1272
2097
1813
1359
1491
992
1903
1660
942
1367
754
1752
1562
603
1205
572
1745
1031
259
789
269
1257
3818
3062
3251
2466
3802
3704
2750
3228
2242
3866
3143
2161
2686
1799
3273
2606
1704
2164
1334
2756
2120
1066
1688
926
2233
5664
4711
5125
3781
5759
4967
3963
4450
3249
5036
4315
3340
3807
2725
4418
3708
2750
3200
2270
3864
3146
2181
2687
1781
3268
