163
149
145
126
195
9
29
21
29
72
0
0
0
0
0
0
0
0
0
0
0
0
0
0
0
841
689
722
542
946
580
446
461
350
730
340
197
262
159
511
101
66
65
58
348
30
0
53
0
156
2039
1667
1756
1272
2101
1813
1350
1501
1024
1871
1585
958
1367
776
1757
1539
614
1243
604
1755
1063
319
844
269
1334
3839
3062
3253
2458
3847
3703
2750
3212
2243
3866
3181
2170
2638
1777
3303
2609
1623
2153
1321
2742
2097
1156
1700
938
2226
5664
4714
5123
3781
5759
4981
3980
4442
3234
5036
4330
3346
3805
2720
4418
3699
2750
3206
2260
3830
3153
2166
2668
1832
3273
