200
139
206
185
158
185
86
156
169
108
176
47
135
166
87
182
30
130
164
83
192
26
128
216
83
476
330
495
404
375
467
277
481
403
350
460
228
466
415
324
464
193
467
429
295
482
136
461
442
268
788
532
832
621
586
786
489
862
647
580
813
449
877
657
572
829
415
883
690
552
737
338
769
639
480
1181
776
1264
907
808
1186
776
1307
905
801
1094
658
1145
846
739
1017
570
1079
800
683
917
493
992
739
629
1518
1045
1638
1176
1049
1406
952
1511
1056
951
1300
885
1384
1000
864
1186
772
1300
941
794
1093
658
1180
853
739
