203
143
207
180
158
178
85
156
185
108
175
36
135
173
84
185
24
130
175
78
186
26
128
205
85
476
330
500
404
375
465
277
481
401
365
460
231
466
417
330
464
190
456
426
298
490
137
459
437
269
783
531
849
619
586
804
488
875
640
580
816
449
877
664
575
847
415
883
684
551
763
336
758
635
477
1215
790
1299
888
813
1220
743
1307
931
794
1117
664
1180
877
739
1004
571
1081
814
683
915
501
979
761
623
1518
1048
1638
1176
1049
1434
955
1511
1096
937
1334
832
1418
983
899
1186
754
1264
905
794
1094
664
1180
845
739
