154
142
147
133
189
37
39
44
42
96
0
0
0
0
10
0
0
0
0
0
0
0
0
0
0
577
462
494
372
602
428
320
364
272
516
338
182
250
169
424
217
77
161
80
328
182
0
124
15
293
1225
1031
1069
825
1272
1156
849
987
689
1181
1125
672
922
593
1161
1106
533
913
505
1198
850
291
697
344
971
2205
1789
1923
1505
2263
2196
1626
1927
1414
2251
1901
1354
1661
1176
1978
1611
1086
1394
950
1716
1361
805
1169
731
1454
3186
2692
2896
2199
3242
2840
2285
2553
1894
2886
2493
1941
2232
1651
2557
2194
1630
1921
1414
2265
1888
1348
1649
1178
1978
