163
142
150
130
189
32
39
45
38
99
0
0
0
0
17
0
0
0
0
0
0
0
0
0
0
582
462
495
373
602
434
319
372
271
502
326
189
245
172
432
216
77
173
83
342
161
0
127
10
297
1252
1031
1071
838
1277
1157
857
987
692
1189
1108
660
917
584
1177
1101
530
915
519
1207
834
306
726
338
988
2213
1793
1945
1506
2260
2200
1632
1933
1418
2258
1901
1360
1650
1178
1979
1634
1086
1398
969
1694
1370
789
1143
740
1454
3188
2694
2896
2202
3268
2848
2281
2565
1897
2875
2505
1945
2239
1659
2553
2214
1634
1925
1416
2274
1878
1353
1658
1176
1988
