161
116
168
134
133
80
41
82
72
70
22
0
11
21
23
4
0
0
20
2
31
0
0
75
7
442
302
471
363
342
387
227
414
332
287
363
157
366
348
242
380
84
337
363
206
388
20
336
386
187
884
519
947
665
595
874
469
912
680
583
889
412
915
718
556
920
348
938
754
530
777
241
767
674
434
1458
913
1570
1090
975
1491
842
1598
1126
948
1325
696
1426
1024
833
1185
567
1252
921
744
1051
452
1087
858
645
1994
1306
2149
1486
1325
1812
1136
1948
1346
1193
1643
993
1746
1230
1069
1491
842
1598
1126
948
1325
696
1426
1025
833
