161
116
168
135
130
80
41
82
72
67
20
0
5
22
24
4
0
0
20
2
28
0
0
75
7
436
302
468
363
342
384
227
414
335
283
358
157
364
340
239
380
84
336
363
207
388
20
336
384
182
884
519
947
662
595
874
467
912
680
583
888
412
910
718
555
918
346
938
754
530
766
241
767
667
432
1458
913
1570
1090
975
1491
841
1598
1126
948
1325
696
1426
1024
833
1185
567
1252
921
744
1051
451
1087
851
643
1994
1306
2149
1486
1325
1812
1136
1948
1346
1193
1643
993
1746
1230
1067
1491
841
1598
1126
950
1325
696
1426
1024
833
