161
116
168
133
131
80
41
84
75
70
18
0
16
20
28
4
0
0
20
2
28
0
0
75
7
438
302
468
363
342
386
227
414
327
283
358
157
363
342
243
374
84
333
367
213
388
22
337
389
182
884
520
947
666
595
874
467
912
680
581
888
412
910
722
560
918
345
938
753
531
770
241
767
671
429
1458
913
1570
1090
975
1491
841
1598
1126
948
1325
696
1426
1024
833
1185
567
1252
921
744
1048
451
1087
850
645
1994
1306
2149
1486
1325
1812
1136
1948
1346
1193
1643
993
1746
1230
1067
1491
842
1598
1126
949
1325
696
1426
1024
833
