161
116
168
135
133
80
43
82
83
82
23
0
14
23
23
6
0
0
25
2
34
0
0
75
7
443
302
471
363
344
387
227
414
341
289
364
157
366
353
243
380
84
344
367
206
388
26
343
386
192
884
524
947
665
595
874
472
912
681
589
890
412
918
724
560
925
351
938
754
530
791
241
767
679
434
1459
913
1570
1094
975
1491
842
1598
1128
950
1325
696
1429
1024
834
1186
567
1254
930
744
1051
457
1087
858
651
1994
1307
2149
1486
1325
1812
1136
1948
1347
1197
1643
993
1749
1235
1069
1491
842
1601
1130
951
1329
696
1426
1027
834
