161
116
168
134
133
80
41
82
80
70
22
0
14
23
23
5
0
0
22
2
31
0
0
75
7
443
302
471
363
342
387
227
414
338
289
363
157
366
353
242
380
84
343
367
206
388
23
341
386
187
884
522
947
665
595
874
469
912
681
583
889
412
915
718
560
925
348
938
754
530
777
241
767
674
434
1458
913
1570
1090
975
1491
842
1598
1127
950
1325
696
1426
1024
834
1186
567
1252
921
744
1051
456
1087
858
645
1994
1307
2149
1486
1325
1812
1136
1948
1346
1194
1643
993
1746
1235
1069
1491
842
1600
1126
948
1329
696
1426
1026
834
