154
146
153
132
189
34
42
54
46
105
0
0
0
0
23
0
0
0
0
0
0
0
0
0
0
487
426
439
365
533
402
307
328
278
457
313
188
235
179
380
228
89
175
98
323
206
17
153
45
328
1107
899
936
733
1098
1027
770
855
626
1041
977
651
815
566
1024
977
525
833
519
1055
775
330
634
367
859
1905
1555
1656
1289
1936
1867
1419
1655
1235
1928
1647
1177
1418
1052
1701
1415
945
1214
856
1486
1162
732
1000
671
1260
2700
2293
2451
1871
2727
2397
1949
2169
1635
2431
2144
1662
1906
1413
2169
1863
1414
1655
1235
1928
1649
1177
1418
1051
1703
