153
146
153
133
189
41
42
59
47
105
0
0
0
0
22
0
0
0
0
0
0
0
0
0
0
496
421
444
366
530
396
311
332
275
459
309
188
240
179
379
224
89
177
106
344
209
18
154
55
324
1089
899
936
736
1098
1030
769
858
626
1037
973
657
808
570
1035
979
523
836
519
1057
777
335
646
374
858
1905
1555
1657
1288
1936
1867
1413
1655
1242
1929
1649
1179
1423
1058
1708
1412
954
1214
868
1484
1174
736
1007
681
1269
2700
2293
2451
1873
2729
2397
1949
2171
1635
2431
2143
1664
1906
1414
2172
1873
1420
1655
1235
1934
1647
1178
1421
1055
1706
