153
146
151
132
189
33
42
54
50
105
0
0
0
0
24
0
0
0
0
0
0
0
0
0
0
487
422
440
365
529
401
310
337
278
462
317
188
236
180
380
227
89
174
99
342
205
17
150
49
323
1114
901
937
736
1099
1029
770
858
626
1039
977
655
815
557
1034
977
536
834
522
1054
776
342
636
378
871
1905
1555
1656
1286
1937
1863
1418
1655
1239
1928
1647
1178
1416
1051
1708
1416
952
1214
860
1486
1170
736
1011
677
1267
2700
2293
2451
1871
2727
2397
1950
2169
1635
2431
2143
1664
1906
1416
2169
1868
1412
1658
1241
1929
1651
1177
1420
1061
1704
