153
146
151
132
189
30
42
54
46
105
0
0
0
0
22
0
0
0
0
0
0
0
0
0
0
488
421
440
365
527
396
311
330
275
457
307
188
240
179
378
224
89
176
98
339
206
17
150
51
318
1088
899
936
733
1098
1026
769
858
621
1037
973
657
808
563
1034
977
523
830
519
1057
777
332
644
369
854
1905
1555
1656
1288
1936
1865
1413
1655
1235
1929
1649
1177
1417
1053
1704
1409
950
1214
861
1484
1173
736
1004
671
1265
2700
2293
2451
1871
2728
2397
1949
2169
1635
2431
2143
1662
1906
1414
2169
1865
1418
1655
1235
1934
1647
1178
1416
1053
1705
