155
146
153
132
189
34
42
54
46
105
0
0
0
0
24
0
0
0
0
0
0
0
0
0
0
487
427
443
365
533
403
307
328
281
457
313
188
242
179
383
228
89
176
102
331
207
17
153
53
328
1110
899
936
734
1100
1027
770
860
626
1048
990
654
819
566
1028
977
526
833
519
1055
776
334
634
371
859
1905
1555
1656
1289
1936
1867
1419
1655
1244
1928
1647
1177
1418
1052
1701
1415
946
1216
856
1486
1168
732
1000
672
1263
2700
2293
2451
1871
2727
2397
1949
2169
1635
2431
2144
1664
1906
1416
2169
1863
1418
1658
1236
1928
1651
1178
1418
1051
1703
