153
146
151
132
189
34
42
54
46
105
0
0
0
0
21
0
0
0
0
0
0
0
0
0
0
487
423
439
365
529
396
307
328
277
456
313
188
233
179
380
220
89
175
98
323
201
17
152
45
328
1096
899
936
733
1098
1026
770
855
623
1041
977
651
815
561
1024
977
525
833
519
1055
775
330
634
367
859
1905
1555
1656
1287
1936
1867
1419
1654
1235
1928
1647
1177
1416
1051
1701
1404
945
1214
851
1484
1162
732
1000
671
1260
2700
2293
2451
1871
2727
2397
1949
2169
1635
2431
2144
1662
1906
1413
2169
1863
1414
1655
1235
1928
1649
1177
1418
1051
1703
