274
218
261
154
306
189
152
217
192
256
300
144
227
133
321
159
64
301
168
269
218
154
305
51
297
677
574
552
603
640
602
442
552
442
665
558
457
546
432
655
574
392
573
408
801
650
360
505
346
693
1325
1086
1126
918
1397
1292
1002
1121
905
1263
1326
865
1042
809
1369
1182
980
1314
797
1452
1093
825
976
512
1218
2176
1732
1782
1498
2049
2083
1569
1924
1454
2157
1755
1323
1596
1337
1937
1773
1252
1533
977
1726
1470
1070
1325
1010
1689
2921
2491
2661
1984
2922
2583
2252
2280
1952
2646
2304
1940
2141
1728
2303
2048
1664
1957
1380
2234
1883
1349
1644
1157
1917
