245
215
215
200
274
276
168
137
91
337
215
25
124
59
217
274
120
187
133
305
85
52
205
86
302
847
691
717
598
895
718
552
666
544
948
694
453
611
409
1006
739
387
655
322
753
751
370
505
264
771
1756
1502
1477
1137
1887
1747
1218
1429
1050
1714
1654
1283
1412
1148
1794
1654
852
1423
889
1663
1439
597
1347
556
1674
2890
2506
2518
1999
3116
2982
2254
2735
1883
3243
2634
1842
2284
1647
2761
2290
1642
1956
1365
2261
1909
1265
1626
1127
1910
4418
3608
4029
2995
4368
3896
3238
3548
2762
3898
3437
2616
3033
2341
3644
3021
2151
2602
1900
3117
2598
1812
2269
1706
2581
