147
102
152
136
118
17
26
32
47
34
0
0
0
0
0
0
0
0
0
0
0
0
0
4
0
696
412
785
565
486
530
254
576
476
334
347
121
383
382
209
224
36
219
348
80
241
0
162
354
18
1741
937
1893
1218
1095
1597
741
1732
1215
916
1557
518
1640
1223
769
1631
328
1580
1312
673
1309
154
1163
1100
428
3196
1793
3464
2262
1918
3204
1563
3472
2324
1841
2780
1196
2985
2057
1548
2403
846
2487
1811
1241
1994
563
2041
1557
940
4651
2862
5058
3322
2876
4163
2395
4483
2943
2510
3667
1972
3975
2618
2157
3204
1563
3472
2324
1832
2780
1196
2985
2048
1548
