178
137
190
145
156
113
78
112
100
105
66
27
53
88
89
48
3
32
82
56
77
0
46
107
66
424
320
466
375
361
404
258
423
368
303
392
194
431
381
285
408
142
380
393
252
430
84
378
413
256
836
516
890
644
607
836
472
878
686
597
846
427
884
711
576
886
367
921
750
560
803
284
815
679
463
1351
847
1468
1008
892
1389
797
1476
1046
893
1240
669
1331
948
816
1132
555
1190
884
739
998
471
1035
817
656
1800
1190
1951
1358
1225
1650
1054
1775
1248
1096
1512
920
1623
1150
974
1389
794
1470
1033
893
1240
658
1329
948
816
