164
146
178
138
155
106
85
105
106
109
66
17
59
94
89
57
20
42
69
69
79
6
43
120
66
424
315
464
375
360
404
250
416
368
305
385
194
397
375
285
397
141
380
396
266
440
79
374
413
256
819
516
890
644
607
835
472
872
686
597
846
427
884
708
572
884
367
913
745
560
784
281
769
670
463
1351
847
1461
1008
892
1377
794
1470
1034
893
1240
669
1326
948
816
1116
555
1183
881
739
996
471
1033
823
656
1800
1190
1951
1358
1225
1650
1054
1775
1248
1094
1512
920
1623
1141
988
1377
794
1470
1034
893
1240
657
1326
948
816
