167
143
183
146
156
112
77
105
108
109
64
73
49
94
91
57
24
32
69
70
79
6
46
120
66
424
315
466
375
360
404
250
407
368
305
390
194
400
384
285
425
141
380
393
266
440
86
374
413
256
819
516
890
644
607
819
472
872
686
597
843
427
884
712
576
884
367
913
745
560
784
281
769
659
463
1351
847
1461
1008
892
1377
794
1470
1035
893
1240
668
1326
948
816
1139
555
1183
881
739
998
471
1033
810
656
1800
1190
1951
1358
1225
1650
1054
1775
1248
1099
1512
920
1623
1140
974
1389
794
1470
1033
893
1240
658
1326
948
816
