223
143
203
192
182
220
106
196
153
122
155
28
216
235
74
253
8
96
198
45
276
0
181
137
31
718
402
787
517
427
696
314
593
491
387
637
268
559
467
303
577
118
598
588
287
608
251
572
661
204
1356
825
1487
1103
911
1447
781
1459
1116
844
1504
748
1508
1189
752
1518
596
1425
1220
773
1276
342
1337
1106
634
2394
1470
2702
1778
1590
2562
1247
2607
1851
1458
2184
1155
2314
1665
1323
1933
905
2006
1480
1070
1611
684
1716
1302
954
3395
2219
3661
2567
2190
3120
1857
3282
2179
1886
2803
1615
2994
2027
1738
2462
1325
2622
1776
1439
2150
1099
2305
1568
1281
