166
104
148
135
133
35
25
38
51
43
0
0
0
0
0
0
0
0
1
1
0
0
0
40
0
590
335
627
463
387
416
240
463
427
304
333
125
391
366
208
309
44
254
336
121
287
0
228
394
66
1288
720
1408
945
824
1213
585
1330
934
743
1236
446
1289
980
664
1249
297
1254
1029
629
1058
181
971
869
427
2307
1346
2511
1668
1447
2339
1185
2538
1716
1392
2061
923
2194
1544
1156
1763
698
1870
1407
1022
1542
474
1556
1210
788
3311
2070
3601
2394
2103
2974
1761
3207
2130
1847
2655
1468
2864
1918
1626
2355
1183
2529
1727
1392
2060
946
2194
1561
1162
