151
104
162
125
126
35
21
40
55
44
0
0
4
18
0
0
0
0
0
0
0
0
0
40
0
565
335
622
469
396
425
217
467
381
293
335
125
385
365
205
302
63
235
336
129
302
0
211
373
28
1314
731
1451
944
843
1230
585
1336
932
729
1231
431
1276
978
648
1292
293
1257
1020
576
1052
164
973
855
407
2307
1343
2511
1682
1447
2336
1185
2525
1719
1393
2031
925
2215
1550
1193
1780
704
1851
1371
1010
1529
474
1567
1207
800
3311
2073
3601
2394
2105
2974
1760
3207
2138
1847
2670
1487
2876
1913
1626
2339
1192
2533
1716
1392
2030
923
2200
1533
1156
