155
141
137
126
180
13
35
23
32
83
0
0
0
0
0
0
0
0
0
0
0
0
0
0
0
648
529
560
441
698
453
355
374
274
570
307
183
209
168
426
130
70
89
64
296
50
0
62
0
194
1492
1241
1262
950
1535
1346
999
1109
770
1387
1242
731
1033
601
1334
1197
523
982
508
1352
880
253
706
259
1043
2722
2203
2348
1809
2751
2684
1981
2338
1688
2759
2292
1608
1969
1377
2404
1932
1205
1619
1050
2021
1577
880
1296
759
1697
3993
3358
3631
2707
4058
3524
2827
3171
2325
3574
3087
2392
2739
1997
3149
2679
1979
2330
1687
2758
2301
1604
1967
1365
2393
