155
141
137
126
180
13
35
23
32
68
0
0
0
0
0
0
0
0
0
0
0
0
0
0
0
646
529
558
440
695
457
344
374
274
570
319
183
209
168
425
143
70
81
64
296
45
0
62
0
187
1490
1241
1261
949
1532
1336
998
1108
770
1386
1240
731
1023
601
1334
1199
523
972
503
1352
878
237
694
261
1043
2720
2200
2348
1811
2751
2684
1979
2338
1688
2758
2296
1601
1969
1365
2397
1931
1204
1617
1042
2016
1572
877
1294
752
1693
3993
3358
3631
2707
4058
3524
2827
3171
2324
3574
3081
2390
2737
1995
3148
2683
1979
2329
1686
2757
2299
1610
1969
1365
2396
