155
141
137
127
180
13
35
23
32
70
0
0
0
0
0
0
0
0
0
0
0
0
0
0
0
646
529
559
440
695
459
344
374
274
570
319
183
209
168
425
143
70
81
65
296
45
0
62
0
194
1499
1241
1261
950
1532
1337
998
1108
770
1386
1240
731
1023
601
1334
1199
523
972
503
1352
878
243
694
261
1043
2720
2200
2351
1812
2751
2684
1979
2338
1688
2760
2296
1607
1969
1366
2397
1931
1205
1617
1042
2016
1577
877
1294
753
1693
3993
3358
3631
2707
4058
3524
2827
3171
2324
3574
3085
2392
2738
2002
3148
2683
1979
2329
1686
2757
2299
1610
1969
1365
2396
