155
141
137
126
180
13
35
23
32
68
0
0
0
0
0
0
0
0
0
0
0
0
0
0
0
648
529
558
440
695
451
344
374
274
563
308
183
208
166
425
135
70
87
65
296
46
0
62
0
190
1491
1241
1264
950
1531
1339
999
1108
770
1390
1240
732
1033
601
1334
1198
523
969
507
1354
878
243
709
258
1043
2720
2201
2347
1810
2751
2685
1978
2338
1686
2758
2299
1604
1967
1370
2393
1929
1204
1618
1040
2015
1572
877
1296
756
1692
3993
3358
3631
2707
4058
3524
2827
3170
2325
3574
3087
2388
2737
1997
3149
2684
1979
2329
1688
2757
2297
1607
1966
1371
2393
