191
157
168
144
204
96
74
86
56
141
39
8
13
3
101
1
0
0
0
47
15
5
7
3
39
496
410
418
375
504
424
328
350
295
456
396
251
313
228
411
367
179
281
184
406
369
119
289
138
393
930
771
823
682
957
897
707
774
624
957
905
639
753
578
973
923
552
797
536
1004
780
399
690
430
856
1577
1269
1372
1120
1563
1568
1186
1381
1050
1580
1376
1011
1219
927
1441
1217
859
1051
792
1261
1066
693
917
662
1115
2140
1835
1962
1532
2175
1922
1582
1759
1353
1952
1747
1362
1561
1204
1749
1569
1186
1381
1050
1580
1369
1011
1219
919
1449
