166
152
161
143
199
65
56
79
66
126
9
0
7
3
85
1
0
0
0
48
15
5
7
3
39
487
404
418
369
501
411
327
343
288
446
381
241
320
219
411
330
153
272
173
402
369
97
244
135
392
927
771
804
668
955
883
702
756
624
943
896
630
768
578
943
923
552
762
536
974
763
399
650
427
826
1575
1269
1372
1114
1563
1560
1182
1375
1049
1580
1353
1003
1212
913
1425
1201
835
1035
792
1249
1052
690
901
658
1099
2140
1835
1962
1527
2175
1912
1581
1753
1350
1952
1747
1362
1546
1200
1744
1560
1182
1375
1049
1580
1357
1003
1207
913
1425
