149
111
159
130
130
65
33
66
76
60
1
0
1
17
6
0
0
0
32
0
11
0
0
54
0
462
302
480
374
345
390
218
429
337
294
356
142
367
342
234
364
63
325
370
193
380
1
296
409
153
947
578
1043
724
628
941
480
999
723
574
958
408
989
773
558
992
336
996
819
545
852
223
825
717
435
1638
983
1785
1199
1091
1671
908
1781
1249
1064
1488
752
1584
1139
918
1298
596
1378
1027
777
1132
449
1171
915
661
2262
1455
2460
1666
1479
2056
1264
2210
1500
1305
1857
1076
1993
1366
1194
1666
906
1784
1249
1065
1486
750
1580
1126
921
