149
111
159
133
130
66
33
64
66
59
7
0
0
24
2
0
0
0
31
0
11
0
0
53
0
454
302
477
374
345
400
218
422
337
290
351
142
363
342
229
353
63
311
365
188
373
0
310
410
136
955
578
1041
728
623
936
478
995
727
574
956
402
990
773
558
988
329
1004
819
543
842
219
823
714
433
1636
983
1784
1199
1090
1665
906
1784
1249
1062
1488
750
1579
1138
917
1296
591
1375
1021
763
1146
452
1188
914
658
2261
1454
2446
1667
1479
2050
1265
2210
1493
1305
1856
1073
1990
1365
1193
1663
906
1786
1249
1068
1483
750
1579
1139
916
