165
168
165
171
202
89
67
99
100
137
28
22
40
39
79
30
10
19
12
43
47
17
18
20
45
468
424
444
376
497
428
339
380
323
457
391
275
316
271
433
360
197
309
216
421
343
145
298
189
440
862
748
762
667
913
872
675
732
644
922
862
633
756
602
922
893
555
760
560
950
742
422
662
444
829
1477
1202
1309
1031
1476
1460
1097
1309
976
1479
1277
959
1144
860
1332
1129
828
1012
772
1188
1012
684
884
675
1062
1952
1697
1807
1425
2004
1771
1477
1613
1274
1808
1628
1294
1463
1116
1631
1457
1097
1306
987
1479
1285
959
1144
860
1329
