298
198
237
196
321
192
166
238
113
272
206
117
222
175
237
285
69
172
135
238
192
146
329
14
313
726
644
618
485
774
726
476
673
511
827
726
476
633
461
714
855
446
706
393
605
559
437
740
307
737
1443
1222
1287
1112
1445
1446
1107
1133
840
1436
1279
1014
1178
809
1562
1444
829
1255
1052
1650
1140
679
1098
661
1210
2411
1928
2093
1786
2345
2469
1732
2261
1499
2424
2151
1616
1884
1432
2275
1910
1251
1818
1176
1976
1666
1072
1388
1011
1609
3411
2849
3227
2303
3721
3034
2510
2716
2179
3057
2668
2125
2514
1818
2663
2342
1874
2142
1598
2452
2075
1505
1978
1558
2257
