262
192
203
211
310
195
139
234
87
248
132
80
235
143
238
226
19
106
51
135
175
33
162
90
261
678
529
572
494
776
617
462
566
410
695
610
456
539
291
547
474
362
566
357
837
594
343
434
387
477
1364
1243
1129
988
1477
1378
1079
1152
931
1348
1199
982
1177
823
1555
1198
925
1014
876
1400
1130
690
928
609
1302
2395
1928
2083
1726
2452
2389
1830
2167
1627
2413
2055
1509
1751
1227
2031
1778
1372
1465
1145
1914
1524
1030
1274
790
1555
3274
2762
3022
2257
3322
2985
2503
2703
1965
2926
2595
2040
2357
1696
2734
2286
1896
2044
1572
2429
2063
1414
1867
1359
2146
