152
142
150
130
201
31
39
50
37
89
0
0
0
0
16
0
0
0
0
0
0
0
0
0
0
559
468
490
371
603
425
317
418
280
506
302
184
216
183
418
173
77
189
80
279
180
0
103
8
266
1245
1016
1061
824
1269
1133
851
972
689
1199
1085
680
917
579
1164
1100
568
893
493
1177
828
274
680
338
1016
2194
1783
1912
1502
2256
2187
1627
1933
1394
2253
1868
1345
1635
1175
1974
1613
1053
1387
946
1685
1353
815
1141
720
1450
3179
2684
2892
2187
3237
2835
2287
2543
1887
2870
2488
1937
2224
1651
2540
2187
1626
1900
1405
2246
1879
1345
1649
1172
1976
