164
142
150
132
201
48
39
75
38
106
0
0
0
0
16
0
0
0
0
0
0
0
0
0
1
583
462
494
371
616
445
321
361
293
492
324
182
206
169
425
183
80
138
94
323
180
4
139
20
293
1228
1028
1081
840
1276
1161
896
952
678
1198
1129
680
893
579
1188
1104
568
897
500
1180
842
312
672
325
934
2194
1784
1915
1515
2255
2193
1626
1910
1408
2252
1873
1347
1630
1174
1959
1610
1098
1383
945
1711
1340
790
1155
750
1432
3179
2684
2906
2203
3237
2829
2291
2543
1889
2870
2475
1938
2230
1650
2551
2205
1633
1905
1405
2246
1873
1347
1647
1186
1963
