144
105
151
123
120
48
25
45
51
44
0
0
0
1
0
0
0
0
2
0
0
0
0
33
0
487
297
531
380
344
389
218
421
355
275
310
129
351
319
207
303
50
266
326
134
327
0
207
369
84
1069
630
1146
789
707
1035
504
1095
795
639
1036
395
1073
829
582
1073
312
1083
866
564
892
166
871
751
425
1866
1120
2028
1371
1200
1904
1015
2047
1405
1171
1681
807
1781
1277
1007
1462
636
1552
1146
849
1261
447
1302
1003
678
2641
1686
2856
1930
1706
2381
1451
2568
1737
1509
2150
1220
2297
1564
1334
1904
1015
2047
1405
1171
1681
807
1781
1277
1006
