144
105
151
123
118
48
25
45
51
43
0
0
0
0
0
0
0
0
2
0
0
0
0
33
0
487
297
531
378
344
388
218
416
348
275
301
129
345
328
201
301
50
265
321
122
328
0
201
369
74
1072
630
1151
789
708
1036
504
1095
798
638
1036
389
1076
829
585
1074
310
1085
866
562
895
165
874
749
424
1866
1120
2028
1370
1200
1904
1015
2047
1405
1171
1681
807
1781
1276
1006
1461
636
1552
1141
843
1261
447
1302
1000
678
2641
1686
2856
1930
1706
2381
1451
2568
1737
1509
2150
1220
2297
1564
1331
1904
1015
2047
1405
1171
1681
807
1781
1276
1006
