147
102
152
136
118
17
17
32
41
34
0
0
0
0
0
0
0
0
0
0
0
0
0
0
0
696
412
785
565
476
530
254
573
466
333
358
121
389
398
210
207
36
229
325
85
244
0
157
340
0
1741
937
1893
1217
1095
1597
739
1736
1211
916
1581
518
1639
1211
769
1636
328
1578
1310
671
1298
137
1145
1091
429
3187
1793
3463
2269
1918
3204
1558
3476
2324
1839
2771
1193
2978
2060
1516
2400
850
2491
1819
1240
2006
564
2043
1564
941
4653
2862
5054
3322
2876
4152
2397
4483
2943
2511
3667
1966
3975
2618
2158
3210
1558
3470
2326
1831
2769
1193
2977
2066
1514
