167
119
190
143
141
106
48
117
102
105
66
1
59
70
63
42
0
38
74
44
81
0
22
108
53
427
315
472
384
356
411
248
426
372
306
412
182
396
393
266
417
116
372
403
237
411
66
378
423
206
814
514
890
644
607
821
472
878
686
595
857
424
871
721
575
889
367
892
756
563
752
281
782
685
465
1359
847
1461
1015
893
1378
794
1476
1036
893
1251
665
1327
951
816
1121
558
1185
881
739
1001
471
1034
813
652
1800
1190
1968
1370
1226
1650
1054
1776
1248
1097
1512
920
1628
1143
980
1377
791
1477
1039
893
1245
661
1326
952
816
