190
167
178
159
214
126
92
125
98
162
74
30
49
63
132
60
25
42
33
95
85
33
47
38
98
498
449
463
393
514
459
377
412
341
491
430
311
379
305
487
408
256
345
259
492
412
214
338
228
488
840
733
764
663
862
858
692
753
637
885
880
641
767
618
906
888
582
789
576
925
767
469
681
480
833
1386
1139
1263
990
1398
1357
1042
1239
958
1402
1224
913
1100
850
1263
1088
806
1009
764
1128
977
692
891
673
1020
1865
1613
1721
1356
1900
1690
1407
1546
1212
1722
1519
1222
1394
1067
1570
1361
1043
1259
961
1405
1223
929
1113
850
1262
