180
125
197
162
153
129
65
141
124
101
89
15
99
110
68
90
0
69
125
58
142
2
58
160
54
453
317
474
387
359
431
267
428
388
331
444
205
419
393
302
447
152
404
412
259
453
108
401
432
232
776
526
826
635
609
809
475
836
668
600
835
422
861
694
581
867
387
891
735
565
768
300
750
667
482
1278
808
1360
938
867
1284
773
1359
975
857
1174
661
1222
902
790
1066
560
1095
851
725
973
467
989
794
642
1702
1128
1823
1269
1142
1541
1001
1660
1161
1031
1423
879
1507
1056
933
1301
770
1359
964
857
1171
664
1235
900
790
