209
137
222
180
161
184
88
188
179
115
180
46
156
173
104
184
27
142
188
93
198
27
130
225
87
482
330
495
404
375
473
277
483
403
350
471
231
476
415
330
477
193
481
433
301
491
145
475
448
279
764
531
835
619
586
791
488
862
640
579
821
449
871
664
572
833
415
883
684
551
750
338
771
637
481
1170
776
1264
865
808
1186
742
1264
891
794
1100
658
1159
845
739
1007
570
1066
793
682
924
493
973
739
623
1506
1031
1615
1134
1028
1389
938
1488
1038
937
1290
834
1361
971
864
1186
742
1248
896
794
1096
658
1157
846
739
