173
147
163
137
199
66
49
74
52
123
0
0
0
0
60
0
0
0
0
11
0
0
0
0
0
487
421
436
367
520
428
317
360
286
450
353
215
276
212
394
314
121
241
136
381
291
60
232
107
409
1019
833
867
690
1018
960
734
787
620
991
930
661
796
574
991
942
555
825
531
1038
774
394
665
411
847
1694
1373
1506
1201
1729
1697
1277
1522
1141
1729
1513
1076
1324
978
1556
1304
891
1136
819
1357
1120
721
976
669
1191
2373
2032
2197
1677
2424
2143
1752
1939
1462
2174
1906
1487
1727
1299
1952
1694
1280
1502
1141
1733
1514
1073
1328
975
1545
