181
134
205
174
152
158
79
151
157
117
142
36
125
156
79
155
13
108
167
69
168
11
103
198
76
471
326
489
397
373
461
269
468
406
348
456
223
445
413
316
455
171
437
424
290
461
126
443
445
263
770
527
839
628
604
792
488
856
654
592
822
446
863
684
577
846
400
874
716
561
742
320
781
650
484
1219
792
1317
901
842
1241
750
1302
929
828
1109
653
1186
866
769
1027
573
1077
822
702
941
491
991
771
636
1563
1074
1718
1196
1082
1463
962
1572
1088
986
1326
847
1432
1001
900
1214
754
1304
936
828
1119
653
1186
866
769
