216
186
184
158
227
164
112
141
115
177
126
75
88
70
152
101
59
74
56
118
120
48
81
58
131
515
452
455
406
526
473
394
427
366
512
462
334
389
324
524
443
278
370
288
517
443
228
367
253
527
838
717
748
670
873
854
691
757
636
884
870
643
763
607
900
862
582
777
580
919
752
473
686
482
820
1317
1091
1193
964
1349
1308
1020
1199
937
1342
1186
873
1074
845
1222
1085
790
968
750
1120
967
694
875
667
1021
1731
1516
1642
1294
1799
1599
1345
1483
1152
1642
1448
1180
1320
1039
1499
1314
1022
1196
936
1343
1187
880
1084
845
1231
