157
146
153
133
191
63
42
59
51
105
0
0
0
0
29
0
0
0
0
0
0
0
0
0
0
496
431
448
365
535
428
311
355
286
472
345
192
271
188
409
282
89
207
107
372
240
24
179
59
379
1105
903
953
738
1116
1045
777
866
637
1064
1015
675
824
569
1059
991
562
866
526
1080
809
345
677
391
880
1922
1560
1664
1296
1950
1887
1430
1675
1244
1944
1672
1181
1459
1065
1711
1426
973
1224
873
1501
1196
743
1028
697
1297
2700
2310
2459
1882
2732
2417
1969
2181
1647
2447
2155
1670
1933
1421
2179
1883
1429
1672
1248
1942
1669
1193
1449
1065
1714
