161
116
176
145
139
80
41
98
81
82
27
0
29
30
30
7
0
7
20
2
35
0
0
76
7
450
302
486
368
345
396
227
422
338
292
395
157
376
362
245
403
84
357
389
215
420
25
365
405
185
888
526
951
668
595
875
471
920
691
584
897
413
927
730
560
932
354
951
776
536
807
241
795
693
439
1469
913
1580
1096
975
1494
842
1607
1128
951
1353
697
1438
1029
835
1195
574
1260
933
744
1062
460
1102
864
645
2002
1313
2149
1487
1331
1814
1139
1960
1353
1197
1645
996
1756
1237
1072
1505
842
1611
1126
952
1341
699
1426
1033
836
