207
141
229
203
178
197
112
185
214
144
205
66
149
211
122
199
55
160
210
120
210
48
163
252
117
479
332
497
406
378
475
281
484
409
354
488
238
486
438
341
497
207
486
459
324
490
168
488
481
307
763
531
832
619
586
786
495
866
647
580
818
463
868
659
581
843
423
874
701
566
760
350
775
653
486
1153
776
1225
865
808
1170
742
1239
891
794
1079
658
1144
844
739
996
570
1062
796
683
905
506
963
739
631
1483
1028
1598
1123
1028
1371
931
1471
1038
937
1272
832
1344
958
864
1170
742
1239
891
794
1079
658
1144
844
739
