211
147
230
204
178
197
109
176
202
159
206
66
141
222
115
207
55
160
210
120
210
30
163
252
117
477
332
495
405
378
475
280
484
409
354
488
245
486
438
341
497
226
486
456
326
490
168
488
481
307
763
531
832
619
586
787
495
863
647
580
826
449
868
659
581
843
426
874
701
566
754
353
775
652
495
1153
776
1225
865
808
1170
742
1239
891
794
1079
658
1144
844
739
997
571
1062
796
683
912
506
964
739
631
1483
1028
1598
1123
1028
1371
931
1471
1038
937
1272
832
1344
958
864
1170
742
1239
891
794
1079
658
1144
844
739
