161
146
153
133
189
58
42
59
47
110
0
0
0
0
24
0
0
0
0
0
0
0
0
0
0
500
428
445
365
536
424
316
359
279
476
352
192
251
192
415
264
90
210
102
349
243
25
161
56
354
1112
898
949
739
1106
1040
776
866
639
1064
981
667
847
577
1048
1003
557
861
522
1075
800
346
681
390
877
1920
1561
1674
1296
1945
1878
1424
1676
1241
1943
1659
1189
1439
1060
1716
1420
968
1238
868
1507
1190
758
1026
684
1283
2707
2298
2471
1880
2743
2406
1956
2190
1644
2437
2148
1670
1916
1423
2175
1888
1424
1667
1239
1951
1664
1189
1446
1061
1722
