137
104
148
125
115
32
21
38
42
42
0
0
0
0
0
0
0
0
0
0
0
0
0
13
0
562
335
622
448
380
413
217
465
367
278
328
125
348
326
205
246
43
235
330
111
279
0
181
350
33
1285
719
1394
933
821
1209
585
1310
923
727
1213
429
1259
958
650
1246
284
1256
1022
574
1029
149
948
870
409
2307
1341
2511
1661
1444
2336
1185
2523
1716
1391
2030
921
2194
1532
1161
1758
695
1851
1352
976
1506
472
1556
1183
777
3311
2070
3601
2394
2103
2974
1760
3207
2129
1845
2655
1468
2861
1911
1610
2336
1185
2519
1716
1392
2031
921
2196
1535
1156
