138
104
148
125
115
32
21
38
42
36
0
0
0
0
0
0
0
0
0
0
0
0
0
13
0
562
335
622
448
380
413
217
464
370
278
320
125
348
337
195
249
43
229
319
106
289
0
174
344
28
1285
719
1394
930
821
1212
585
1305
927
723
1210
423
1259
958
647
1244
287
1253
1015
576
1034
145
948
852
404
2307
1341
2514
1660
1445
2336
1183
2519
1716
1390
2030
921
2194
1527
1156
1758
693
1851
1350
977
1506
472
1556
1180
776
3311
2070
3601
2394
2104
2974
1761
3207
2129
1845
2655
1468
2861
1911
1610
2336
1183
2519
1716
1390
2030
920
2194
1531
1156
