180
148
195
171
162
129
123
116
131
127
79
56
77
119
84
79
4
39
143
94
129
6
72
173
88
439
325
459
405
362
431
267
425
396
334
433
210
398
402
307
432
165
403
408
276
440
114
416
453
268
782
529
822
635
609
795
488
827
670
600
841
422
861
686
581
856
387
893
733
574
775
300
753
676
498
1275
803
1358
937
867
1281
763
1376
973
857
1171
661
1223
902
790
1053
560
1102
852
725
963
467
989
790
652
1678
1128
1806
1259
1140
1541
1001
1647
1160
1027
1413
876
1505
1056
932
1281
763
1376
975
857
1171
661
1223
902
790
