161
116
168
142
143
98
59
84
84
85
20
6
26
54
52
6
0
13
59
42
33
0
3
75
23
451
313
475
365
346
392
242
448
350
283
361
157
378
359
244
417
101
374
383
218
461
42
365
414
195
891
535
951
675
595
875
481
918
688
583
889
412
918
732
560
938
358
938
782
542
794
251
807
680
442
1458
915
1578
1090
976
1494
842
1598
1128
950
1325
699
1427
1032
833
1187
573
1256
927
744
1051
472
1118
864
645
1994
1306
2149
1486
1325
1812
1136
1948
1346
1194
1644
993
1752
1235
1067
1494
842
1598
1138
951
1325
699
1429
1032
833
