170
146
190
147
158
114
85
104
103
106
61
45
49
94
89
57
24
32
69
70
79
6
43
120
66
424
323
466
375
361
404
250
416
368
305
403
194
400
375
289
435
141
380
396
261
430
86
374
413
256
838
516
890
644
607
821
472
874
686
597
846
427
891
712
572
884
367
913
745
560
803
281
797
657
463
1351
847
1461
1008
892
1389
794
1476
1037
893
1240
668
1326
948
816
1139
555
1188
881
739
1002
471
1033
811
656
1800
1190
1951
1358
1225
1650
1054
1775
1248
1099
1512
920
1623
1144
974
1389
794
1476
1037
893
1240
657
1326
948
816
