155
147
160
138
192
54
49
68
50
115
0
0
0
0
40
0
0
0
0
2
0
0
0
0
0
470
412
427
366
512
389
311
343
283
439
318
202
272
205
375
283
116
222
136
364
266
45
205
98
363
1004
827
862
674
1015
945
731
777
605
980
902
644
782
565
988
922
539
795
522
1001
763
373
643
404
825
1678
1364
1485
1201
1715
1677
1272
1499
1138
1714
1488
1070
1307
963
1535
1285
872
1115
811
1339
1096
717
946
652
1172
2357
2025
2166
1670
2406
2131
1746
1932
1447
2148
1888
1472
1704
1299
1920
1677
1272
1489
1138
1716
1491
1073
1307
962
1531
