155
147
160
137
192
42
49
70
49
115
0
0
0
0
45
0
0
0
0
0
0
0
0
0
0
476
407
422
364
506
394
303
347
284
439
326
202
272
204
369
272
116
224
128
349
264
43
198
100
355
1004
830
861
674
1015
950
735
777
606
979
903
644
764
565
989
921
538
795
524
1004
752
364
640
400
832
1678
1363
1485
1201
1715
1677
1272
1499
1138
1714
1489
1071
1307
963
1532
1270
874
1111
814
1343
1094
705
945
658
1171
2357
2025
2166
1669
2406
2132
1746
1932
1446
2148
1890
1472
1702
1299
1920
1677
1273
1490
1137
1716
1491
1071
1307
969
1531
