155
147
160
137
192
52
49
68
49
115
0
0
0
0
35
0
0
0
0
0
0
0
0
0
0
470
412
423
363
507
389
311
342
283
437
318
202
272
201
375
283
116
222
129
357
256
36
202
97
360
1004
827
861
674
1015
937
720
777
605
979
902
644
765
565
985
921
533
795
520
1001
755
366
640
396
825
1678
1364
1485
1201
1715
1677
1272
1499
1138
1713
1488
1070
1307
963
1531
1276
867
1112
811
1339
1091
712
946
652
1165
2357
2025
2166
1669
2406
2131
1746
1932
1446
2148
1888
1471
1703
1299
1920
1677
1272
1489
1138
1714
1487
1073
1307
962
1531
