155
147
160
137
192
54
49
68
50
115
0
0
0
0
40
0
0
0
0
0
0
0
0
0
0
470
412
426
364
511
389
311
342
283
439
318
202
272
201
375
283
116
222
135
363
265
38
205
98
360
1004
827
862
674
1015
937
720
777
605
979
902
644
770
565
986
921
537
795
520
1001
755
366
643
401
825
1678
1364
1485
1201
1715
1677
1272
1499
1138
1713
1488
1070
1307
963
1535
1279
868
1115
811
1339
1091
717
946
652
1165
2357
2025
2166
1669
2406
2131
1746
1932
1446
2148
1888
1471
1703
1299
1920
1677
1272
1489
1138
1716
1491
1073
1307
962
1531
