158
147
160
137
192
48
49
68
50
115
0
0
0
0
38
0
0
0
0
0
0
0
0
0
0
475
412
425
366
504
392
305
339
282
438
319
202
264
200
379
289
116
219
135
348
268
42
204
97
355
1008
827
861
672
1015
942
730
778
606
975
902
641
769
564
991
921
539
791
519
1003
757
367
647
399
829
1678
1365
1486
1201
1715
1677
1272
1499
1138
1714
1491
1071
1307
962
1531
1281
874
1115
810
1339
1091
715
947
651
1169
2357
2025
2166
1670
2407
2132
1746
1934
1446
2150
1888
1469
1708
1299
1920
1677
1272
1490
1138
1714
1486
1071
1308
962
1531
