204
187
186
189
229
129
108
140
142
177
92
71
94
112
118
88
33
80
85
84
100
26
51
77
99
495
450
463
409
507
448
380
412
352
484
441
315
371
315
482
404
259
368
277
475
397
214
354
248
478
827
746
748
663
877
846
690
733
643
870
859
637
761
617
882
877
574
770
585
908
753
458
689
478
802
1386
1143
1248
982
1405
1377
1049
1245
954
1421
1207
926
1108
847
1287
1084
803
985
764
1134
979
691
882
673
1005
1832
1596
1694
1349
1885
1666
1403
1535
1216
1711
1526
1224
1392
1067
1557
1377
1049
1245
954
1421
1207
926
1108
847
1287
