163
141
138
126
195
8
29
21
21
56
0
0
0
0
0
0
0
0
0
0
0
0
0
0
0
841
689
709
536
907
567
409
458
338
731
322
197
230
159
515
90
59
58
44
358
3
0
22
0
165
2044
1666
1720
1261
2093
1816
1325
1492
993
1882
1588
946
1353
759
1741
1537
607
1214
553
1729
1076
247
798
271
1276
3809
3059
3253
2426
3814
3707
2724
3220
2245
3838
3156
2169
2645
1784
3278
2607
1617
2157
1316
2746
2079
1085
1698
929
2237
5669
4715
5129
3785
5760
4976
3966
4449
3224
5039
4320
3316
3810
2725
4420
3710
2735
3205
2247
3832
3157
2169
2649
1784
3267
