191
172
175
164
208
111
78
108
90
143
71
29
57
50
101
1
0
0
11
54
15
5
7
3
39
496
413
418
375
514
429
328
350
295
462
396
259
330
228
414
377
192
299
205
406
369
133
289
190
406
933
794
823
703
957
912
710
774
624
961
905
648
768
578
973
923
552
797
536
1004
789
409
691
437
870
1577
1272
1372
1120
1563
1569
1186
1381
1050
1580
1376
1011
1219
927
1449
1230
859
1059
792
1269
1079
715
917
662
1115
2140
1835
1962
1532
2175
1922
1588
1762
1358
1952
1747
1363
1565
1208
1751
1569
1186
1381
1050
1580
1376
1011
1216
927
1449
