288
204
279
220
281
336
209
300
254
219
306
151
355
363
156
250
149
222
355
227
357
217
356
338
211
493
397
625
516
419
594
325
560
549
439
606
345
511
495
403
525
357
545
556
387
593
263
603
549
432
920
570
912
678
679
905
634
929
776
640
888
570
961
763
662
962
591
1016
805
617
839
508
917
704
572
1225
874
1356
1025
961
1302
792
1383
984
943
1217
762
1246
950
853
1108
621
1229
889
732
974
591
1100
858
687
1680
1158
1716
1275
1154
1524
1019
1595
1167
1054
1392
1011
1547
1092
1000
1291
789
1380
1044
971
1236
743
1305
927
835
