182
134
196
170
146
149
89
139
147
102
132
35
142
141
69
165
9
77
154
68
133
11
99
184
80
479
326
486
400
373
459
269
458
410
354
453
223
436
414
312
448
170
428
420
283
460
131
441
432
255
760
527
838
628
604
786
488
843
660
595
818
446
852
684
579
830
407
856
703
567
732
327
741
648
489
1227
798
1317
984
861
1278
750
1326
968
829
1168
671
1186
866
770
1105
601
1081
823
706
932
491
972
785
638
1590
1091
1719
1216
1127
1473
995
1600
1145
1028
1359
899
1452
1024
925
1241
759
1326
1000
828
1123
654
1190
890
769
