234
147
250
210
178
218
148
206
206
153
121
86
207
277
185
94
105
99
219
117
335
38
186
230
140
488
330
634
467
402
646
304
644
463
395
517
206
558
466
390
675
240
585
501
275
658
256
516
562
355
1040
650
1195
789
716
1037
580
1197
816
688
1075
575
1092
886
675
1142
400
1134
923
635
1038
415
1028
829
534
1683
1060
1835
1251
1091
1785
1007
1868
1296
1121
1559
868
1643
1201
1041
1463
695
1429
1084
853
1228
565
1391
975
773
2269
1628
2507
1758
1542
2110
1354
2243
1594
1371
1931
1195
2023
1431
1291
1759
1006
1881
1264
1149
1521
820
1649
1223
961
