211
174
255
232
214
252
109
174
270
217
229
101
224
201
129
305
23
240
277
126
267
55
200
280
100
658
348
635
464
423
579
361
649
443
364
523
277
548
591
362
691
320
561
565
358
682
290
765
599
399
1100
720
1188
847
768
1119
607
1212
817
732
1073
604
1211
987
718
1083
616
1237
1000
658
1079
405
943
864
545
1717
1142
1908
1262
1250
1769
975
1924
1370
1195
1622
897
1725
1205
1038
1404
661
1505
1076
954
1344
581
1329
1152
817
2412
1669
2494
1821
1580
2122
1355
2307
1586
1424
1956
1157
2202
1457
1285
1794
1164
1893
1395
1216
1550
895
1648
1295
973
