166
111
179
137
141
71
44
65
68
59
7
0
2
24
16
1
0
0
29
1
11
0
4
53
0
450
302
482
374
353
420
229
429
344
291
344
146
366
354
265
347
85
338
368
193
370
0
282
397
165
946
583
1040
728
619
950
480
986
717
573
958
409
995
779
573
981
335
1010
826
538
832
223
854
729
453
1630
986
1784
1206
1091
1663
924
1781
1249
1072
1483
759
1594
1147
918
1305
592
1367
1017
767
1122
447
1182
907
662
2266
1459
2443
1665
1498
2066
1266
2213
1500
1310
1857
1078
1987
1361
1194
1667
928
1793
1249
1062
1505
752
1578
1142
914
