342
237
265
276
300
270
198
285
242
285
392
180
334
231
321
265
140
252
198
235
240
177
277
178
395
599
535
583
449
600
580
473
570
376
645
656
541
543
474
708
565
398
499
489
674
561
428
641
434
668
913
859
941
789
1142
1065
787
831
812
1003
960
703
857
751
1125
1065
790
955
860
1182
849
625
939
525
1025
1636
1368
1544
1138
1640
1607
1276
1424
1194
1618
1427
1083
1373
953
1562
1279
946
1139
919
1353
1210
825
1066
780
1174
2093
1776
1913
1521
2151
1896
1701
1750
1479
1986
1688
1454
1618
1225
1743
1530
1237
1447
1136
1586
1360
1057
1330
991
1467
