187
157
182
148
210
108
63
93
75
132
56
23
13
15
79
25
12
15
3
30
40
17
18
15
45
482
428
448
385
499
424
341
392
311
475
399
278
320
263
441
352
200
317
207
423
335
151
279
178
444
853
728
761
667
903
865
675
743
644
907
867
629
733
609
916
885
572
758
567
931
718
441
646
453
829
1477
1202
1324
1062
1491
1457
1099
1309
979
1516
1263
984
1160
862
1331
1134
831
1015
772
1173
1005
693
883
670
1039
1983
1735
1835
1455
2052
1775
1483
1640
1295
1858
1628
1294
1488
1117
1670
1460
1099
1301
975
1492
1266
940
1151
879
1331
