172
157
165
145
206
95
66
90
70
143
41
8
29
46
75
14
12
7
12
38
55
17
24
15
51
478
428
444
385
505
462
351
392
310
467
400
277
333
268
421
344
193
299
213
428
350
121
283
170
433
870
730
776
667
912
845
675
758
644
908
870
627
734
621
922
872
572
758
555
932
718
469
667
447
806
1477
1202
1318
1071
1488
1465
1104
1301
1005
1484
1277
940
1139
878
1331
1129
798
1032
773
1173
1017
700
890
665
1049
1999
1714
1835
1499
2052
1800
1483
1640
1300
1833
1633
1332
1471
1151
1648
1469
1099
1309
980
1481
1277
944
1142
862
1331
