293
246
333
253
347
298
212
233
231
243
386
218
255
245
333
324
157
307
161
361
326
193
307
131
262
547
522
531
418
666
622
414
592
450
712
601
468
555
467
625
583
429
610
385
676
575
418
519
402
664
919
895
896
824
990
1047
880
931
820
1109
1134
677
931
675
1072
1093
731
828
711
1147
861
533
826
736
995
1564
1403
1502
1130
1669
1573
1214
1546
1074
1697
1414
1059
1405
1124
1472
1299
912
1248
899
1286
1136
780
1140
802
1252
2030
1772
1892
1576
2225
1950
1688
1760
1364
1900
1812
1375
1576
1233
1743
1589
1363
1447
1096
1668
1355
1101
1262
1077
1495
