183
164
166
164
210
82
60
91
77
148
54
1
27
33
67
17
12
7
16
56
45
17
18
15
37
486
426
446
382
515
432
351
380
317
449
387
278
333
264
425
329
196
293
218
442
354
119
290
178
421
853
728
828
667
913
846
690
766
653
910
865
631
773
600
922
871
557
760
560
932
718
441
659
440
805
1477
1199
1349
1073
1482
1457
1099
1301
983
1479
1266
984
1169
878
1347
1121
829
989
772
1178
1000
684
880
677
1053
1999
1719
1835
1483
2012
1775
1483
1662
1295
1833
1628
1294
1488
1164
1648
1465
1145
1314
1007
1484
1273
941
1168
869
1329
