229
142
245
173
162
233
225
530
136
113
99
39
118
90
108
164
5
222
308
122
110
0
50
188
71
764
325
532
423
471
444
250
653
404
320
695
322
512
433
288
508
159
523
556
293
685
245
524
449
295
983
528
1049
800
613
1172
664
913
726
679
1418
578
883
751
671
1151
500
1100
779
614
1028
402
1036
845
515
1619
978
1462
1059
943
1445
1001
1813
1270
948
1739
789
1418
1029
833
1209
635
1876
965
1027
1078
750
1173
946
679
1884
1349
2492
1371
1290
1916
1465
2001
1332
1125
1641
1130
2165
1205
1058
2270
937
1604
1099
950
1538
727
1333
1050
840
