211
145
195
207
137
109
33
121
197
154
21
7
166
40
160
0
0
0
52
3
20
0
12
54
0
674
327
713
444
358
673
278
463
371
294
428
204
399
363
262
405
85
351
379
216
557
188
379
411
182
1040
583
1043
904
632
1153
496
1082
747
656
1177
532
1336
801
575
1039
334
1231
851
605
903
223
1018
818
446
1837
1098
1876
1275
1091
1803
1003
1782
1378
1084
1487
795
1836
1152
918
1638
603
2094
1133
769
1122
628
1695
1014
723
2269
1541
2731
1750
1479
2330
1326
2556
1515
1351
2125
1102
2413
1477
1404
1750
911
1998
1568
1076
1500
843
2497
1244
1039
