346
326
310
269
157
403
88
387
264
134
200
59
179
237
188
329
86
256
197
106
260
113
361
222
132
793
328
611
506
448
618
351
1093
457
354
612
251
609
612
332
620
274
668
532
398
547
136
550
461
300
861
648
1148
652
669
993
592
880
659
668
885
761
896
782
621
1141
531
1092
815
670
907
425
824
671
513
1628
884
1672
1295
1063
1419
772
1558
1289
855
1327
842
1428
1087
775
1168
585
1546
1018
707
1052
523
1185
888
652
1814
1107
1908
1479
1190
1645
1001
1690
1391
1106
1656
921
1649
1054
1032
1446
780
1857
1009
959
1378
654
1835
937
863
