147
858
152
136
142
17
17
32
75
40
0
0
0
0
0
0
0
0
0
0
0
0
0
0
0
710
412
785
564
495
530
254
645
467
339
346
121
393
398
212
626
37
244
385
124
245
0
170
345
1
1747
937
2182
1258
1104
1853
755
1733
1218
966
1649
545
1673
1209
783
1636
546
1591
1298
708
1332
137
1142
1123
438
3186
1793
3511
2274
1918
3220
1603
3478
2325
1854
2769
1197
2985
2064
1548
2413
848
2501
1808
1240
2006
562
2041
1553
998
4651
2904
5278
3333
2876
4212
2404
4483
3321
2624
3667
1966
4118
2677
2171
3217
1559
3485
2324
1840
2789
1351
2985
2048
1519
