152
142
146
130
181
20
39
44
36
89
0
0
0
0
2
0
0
0
0
0
0
0
0
0
0
552
462
490
366
602
413
317
350
271
489
294
182
217
168
405
177
77
139
79
280
108
0
100
8
258
1218
1018
1061
824
1262
1132
838
944
678
1167
1080
653
892
577
1158
1069
491
883
492
1166
815
274
659
320
934
2179
1784
1908
1502
2245
2187
1626
1900
1400
2248
1864
1339
1625
1168
1962
1606
1045
1371
940
1680
1322
776
1129
708
1420
3179
2681
2892
2187
3237
2823
2274
2543
1885
2870
2478
1931
2224
1647
2539
2187
1626
1903
1395
2249
1863
1341
1627
1168
1956
