152
142
146
129
181
24
39
44
37
89
0
0
0
0
4
0
0
0
0
0
0
0
0
0
0
554
462
490
367
602
413
317
342
271
486
294
182
211
169
401
174
77
140
80
277
117
0
98
8
264
1219
1023
1065
824
1262
1156
838
941
678
1163
1080
654
892
569
1153
1073
487
887
488
1176
826
271
666
328
934
2179
1784
1908
1502
2244
2187
1626
1902
1399
2247
1862
1345
1625
1168
1961
1605
1054
1374
943
1672
1327
767
1126
704
1424
3179
2681
2892
2187
3237
2821
2274
2543
1889
2870
2481
1934
2224
1643
2542
2187
1627
1903
1403
2246
1863
1339
1627
1173
1961
