152
142
146
130
181
20
39
44
36
89
0
0
0
0
2
0
0
0
0
0
0
0
0
0
0
552
462
490
366
602
413
317
348
271
489
292
182
217
168
403
172
77
136
79
280
106
0
97
8
258
1218
1017
1061
821
1262
1132
838
939
678
1164
1080
653
892
573
1154
1069
487
878
491
1166
815
274
659
320
927
2179
1783
1908
1502
2245
2187
1626
1900
1398
2247
1864
1339
1625
1168
1961
1605
1045
1371
940
1675
1322
765
1128
708
1420
3179
2681
2892
2187
3237
2821
2274
2543
1885
2870
2476
1931
2224
1647
2536
2187
1626
1900
1395
2246
1863
1341
1625
1168
1956
