152
142
146
129
181
24
39
44
36
89
0
0
0
0
2
0
0
0
0
0
0
0
0
0
0
552
462
490
366
602
413
317
342
271
486
294
182
211
169
401
174
77
140
80
277
117
0
98
8
263
1217
1022
1060
824
1262
1156
837
941
678
1163
1080
650
891
569
1153
1071
487
882
485
1167
820
271
666
326
933
2179
1784
1908
1502
2244
2187
1626
1900
1397
2246
1861
1345
1625
1168
1961
1605
1047
1366
943
1672
1320
767
1125
704
1422
3179
2681
2892
2187
3237
2821
2274
2543
1888
2870
2476
1931
2224
1643
2539
2187
1627
1902
1403
2246
1863
1339
1626
1172
1958
