152
142
146
129
181
22
39
44
36
89
0
0
0
0
1
0
0
0
0
0
0
0
0
0
0
552
462
490
366
602
413
317
342
271
486
292
182
211
169
401
174
77
140
80
277
111
0
98
8
251
1217
1020
1060
824
1262
1156
837
941
678
1161
1080
650
891
569
1153
1071
487
882
485
1167
820
271
666
320
933
2179
1783
1908
1502
2244
2187
1626
1900
1397
2246
1861
1341
1625
1168
1959
1605
1047
1366
939
1672
1320
767
1125
704
1417
3179
2681
2892
2187
3237
2821
2274
2543
1885
2870
2474
1931
2224
1643
2538
2187
1627
1900
1396
2246
1863
1339
1626
1168
1958
