171
146
153
134
194
52
42
59
53
105
0
0
0
0
35
0
0
0
0
1
0
0
0
0
0
520
439
455
365
549
421
311
366
278
492
337
195
286
192
414
284
89
209
112
380
260
24
188
59
383
1121
906
954
745
1113
1063
772
875
651
1063
1020
678
847
585
1069
1007
563
865
533
1072
813
355
710
401
915
1923
1561
1682
1303
1936
1886
1432
1692
1247
1957
1674
1199
1447
1064
1731
1443
965
1241
871
1520
1207
761
1022
695
1296
2714
2300
2485
1883
2742
2419
1963
2205
1652
2451
2166
1671
1927
1422
2194
1897
1427
1680
1250
1950
1677
1189
1449
1051
1731
