165
146
153
133
192
64
42
59
49
106
0
0
0
0
39
0
0
0
0
0
0
0
0
0
0
506
432
449
369
538
426
316
358
285
468
348
189
269
192
404
267
94
206
111
376
246
29
177
60
369
1101
908
951
746
1103
1063
779
877
641
1059
1023
674
840
575
1064
997
552
851
519
1088
807
361
704
384
896
1920
1559
1689
1297
1948
1880
1430
1684
1250
1954
1663
1196
1449
1071
1720
1445
965
1228
872
1512
1208
754
1033
695
1309
2711
2300
2479
1889
2739
2400
1965
2196
1647
2447
2153
1676
1935
1424
2187
1895
1425
1683
1244
1950
1657
1195
1442
1069
1708
