239
145
252
236
179
222
111
217
220
136
227
90
267
220
126
145
36
185
265
101
219
76
214
361
71
668
389
696
528
474
633
345
691
514
460
553
332
651
505
366
606
339
567
559
344
568
249
740
657
296
1241
789
1361
898
862
1291
821
1208
1053
757
1392
580
1269
998
762
1383
620
1280
1062
669
1178
437
1164
1069
653
2006
1211
2137
1512
1289
2094
1187
2162
1552
1372
1857
984
1963
1474
1138
1719
817
1685
1238
908
1600
708
1476
1117
942
2751
1837
2948
2095
1860
2523
1581
2628
1915
1578
2425
1276
2436
1736
1546
1963
1246
2109
1533
1306
1935
1014
1941
1440
1058
