165
105
157
130
125
50
52
45
63
42
0
0
0
14
33
0
0
0
13
0
0
0
0
33
0
493
304
533
391
357
441
226
457
379
304
330
137
361
352
245
310
50
284
343
157
330
0
251
384
89
1081
639
1174
805
727
1033
513
1112
802
643
1048
403
1080
838
617
1079
310
1090
889
564
899
201
898
781
438
1884
1120
2028
1372
1200
1905
1015
2047
1405
1186
1687
807
1781
1315
1006
1478
638
1570
1160
873
1276
453
1302
1023
678
2655
1693
2873
1941
1727
2392
1453
2568
1737
1509
2150
1221
2297
1565
1331
1905
1017
2047
1412
1171
1681
809
1781
1280
1006
