165
105
157
138
118
63
31
51
75
46
5
0
0
9
0
0
0
0
19
2
0
0
0
46
0
503
305
545
406
364
389
218
425
393
287
347
137
396
349
238
346
60
283
340
172
381
2
226
417
101
1076
629
1153
805
729
1055
505
1105
799
633
1036
437
1099
840
586
1087
310
1102
895
558
914
177
888
790
438
1866
1120
2036
1382
1206
1922
1015
2047
1405
1186
1681
821
1795
1297
1006
1500
640
1569
1149
873
1261
451
1310
1033
691
2655
1711
2856
1937
1706
2392
1451
2568
1737
1509
2150
1233
2304
1565
1343
1904
1015
2047
1424
1171
1687
816
1798
1285
1006
