146
105
158
134
118
63
30
59
63
47
5
0
0
23
1
5
0
0
17
0
0
0
0
46
0
494
304
544
386
344
407
234
419
396
282
332
162
362
340
240
310
50
280
347
146
351
0
225
382
84
1078
634
1174
805
709
1042
505
1095
799
633
1045
398
1080
834
595
1079
317
1112
909
590
914
178
876
765
438
1886
1120
2028
1374
1205
1910
1023
2047
1413
1186
1681
809
1809
1297
1012
1485
641
1591
1149
854
1275
447
1320
1018
691
2641
1693
2873
1930
1707
2392
1477
2568
1768
1510
2150
1221
2318
1569
1331
1919
1015
2047
1423
1186
1681
834
1797
1297
1012
