200
137
202
180
159
169
88
156
172
115
166
37
138
167
102
174
25
122
181
81
184
26
124
216
83
476
330
495
400
377
465
277
481
402
350
458
231
463
415
324
464
192
459
424
303
482
145
462
437
282
763
531
832
619
586
779
488
862
640
579
799
449
877
664
572
824
415
862
684
551
732
336
758
633
480
1153
776
1225
865
808
1170
742
1239
891
794
1079
658
1144
844
739
989
570
1062
793
682
898
493
973
741
623
1483
1031
1598
1123
1028
1371
931
1471
1038
937
1272
832
1344
958
864
1170
742
1245
891
794
1079
658
1144
844
739
