204
137
224
180
158
179
88
178
167
117
175
52
135
178
86
179
39
139
184
79
192
33
128
219
83
479
330
495
400
377
468
277
481
403
353
458
233
469
415
327
464
197
468
426
299
485
136
464
442
284
763
531
832
619
586
779
488
866
640
580
809
449
877
657
574
819
413
862
684
557
741
336
758
633
486
1161
779
1236
866
808
1173
742
1245
891
794
1079
658
1157
844
739
997
570
1062
793
682
904
493
973
745
623
1498
1038
1638
1134
1035
1386
936
1488
1056
938
1300
832
1359
958
864
1192
749
1268
891
794
1079
658
1144
844
739
