200
137
210
180
158
178
88
156
172
110
171
45
133
174
92
177
27
120
186
79
186
26
124
213
83
476
330
495
400
377
465
277
481
402
351
458
231
466
415
328
464
190
450
425
305
482
139
464
437
295
763
531
832
619
586
779
488
861
640
580
799
449
877
657
572
815
413
862
684
556
732
335
758
633
480
1153
776
1225
865
808
1170
742
1239
891
794
1079
658
1144
844
739
989
570
1062
793
683
897
493
963
741
628
1483
1028
1598
1123
1028
1371
931
1471
1038
937
1272
832
1344
958
864
1170
742
1239
891
794
1079
658
1144
844
739
