198
136
210
180
158
174
85
154
165
110
171
40
123
169
88
177
24
120
176
78
179
26
120
212
83
476
330
495
400
377
465
277
481
401
350
458
231
463
415
322
464
190
450
424
303
482
139
459
437
276
763
531
832
619
586
779
488
861
640
580
799
449
866
657
572
815
412
862
684
551
732
335
758
632
477
1153
776
1225
865
808
1170
742
1239
891
794
1079
658
1144
844
739
989
570
1062
793
682
897
493
963
739
623
1483
1028
1598
1123
1028
1371
931
1471
1038
937
1272
832
1344
958
864
1170
742
1239
891
794
1079
658
1144
844
739
