156
144
147
134
189
32
43
44
44
98
0
0
0
17
22
0
0
0
0
0
0
0
0
0
0
568
475
495
375
611
422
331
361
274
528
302
182
231
183
412
211
78
153
110
311
166
0
147
18
288
1253
1051
1070
834
1270
1157
849
967
698
1191
1122
663
907
618
1185
1096
512
907
517
1224
855
285
729
337
986
2189
1788
1928
1506
2258
2203
1636
1908
1393
2256
1879
1364
1646
1176
1964
1631
1077
1381
957
1709
1347
776
1141
739
1447
3181
2684
2892
2188
3242
2827
2282
2553
1903
2875
2489
1955
2239
1661
2567
2203
1636
1908
1393
2256
1883
1364
1646
1175
1973
