152
142
147
130
181
21
39
44
57
89
0
0
0
0
1
0
0
0
0
0
0
0
0
0
0
552
462
490
368
602
413
324
357
271
489
298
182
231
183
410
175
77
146
81
281
141
0
123
16
264
1218
1017
1061
824
1262
1160
837
946
678
1167
1093
663
889
592
1160
1087
492
888
503
1207
847
275
690
332
970
2179
1783
1909
1502
2248
2187
1626
1900
1393
2256
1865
1345
1640
1175
1956
1628
1068
1377
942
1673
1323
774
1131
724
1432
3179
2681
2892
2187
3237
2827
2282
2543
1889
2870
2474
1944
2231
1644
2544
2187
1626
1900
1393
2256
1874
1345
1640
1175
1956
