178
146
153
133
194
62
43
66
50
108
0
0
0
5
25
0
0
0
0
14
0
0
0
0
0
505
449
449
372
533
413
311
378
286
495
335
188
250
190
427
236
89
212
96
352
206
17
179
59
336
1114
906
953
750
1100
1029
770
863
632
1066
991
650
806
584
1069
983
576
860
525
1062
815
412
653
397
865
1906
1573
1656
1286
1938
1865
1420
1658
1241
1928
1655
1179
1424
1089
1703
1436
962
1221
858
1506
1174
745
1022
678
1271
2707
2296
2456
1871
2731
2406
1973
2171
1646
2431
2144
1684
1906
1410
2172
1879
1416
1655
1243
1934
1649
1184
1422
1052
1707
