161
148
153
140
200
45
47
59
45
105
0
0
0
8
35
6
0
0
0
0
0
0
0
0
0
514
441
449
372
535
450
311
347
289
464
347
193
272
207
426
259
89
183
100
371
204
21
164
63
322
1100
905
949
736
1102
1039
770
868
635
1086
980
681
814
560
1056
977
520
836
539
1080
775
370
686
395
864
1906
1561
1656
1294
1938
1869
1420
1654
1244
1944
1654
1184
1417
1051
1701
1404
948
1215
848
1490
1180
729
1005
671
1268
2700
2293
2456
1884
2731
2398
1949
2171
1645
2431
2158
1662
1916
1410
2169
1871
1418
1661
1235
1932
1655
1181
1436
1061
1719
