163
145
160
126
195
8
33
21
21
56
0
0
0
0
5
0
0
0
0
0
0
0
0
0
0
848
689
722
540
942
563
409
460
350
730
305
197
240
163
576
87
59
55
58
377
4
0
26
0
179
2048
1677
1725
1261
2104
1806
1378
1505
993
1870
1584
942
1352
789
1760
1558
642
1232
562
1758
1084
258
781
270
1286
3822
3062
3252
2429
3802
3705
2751
3216
2258
3832
3139
2169
3605
1777
3268
2609
1609
2168
1324
2888
2088
1096
1704
943
2299
5668
4713
5190
3780
5759
4967
4078
4452
3298
5314
4315
3340
3902
2725
4422
3730
2736
3199
2243
3883
3194
2197
2663
1795
3339
