256
210
201
181
289
210
120
159
155
197
166
127
296
280
235
182
14
90
11
123
89
44
97
31
75
511
433
477
481
587
487
379
417
320
486
526
280
376
422
580
631
355
540
315
469
403
247
441
319
561
1366
837
898
755
1012
902
730
1249
649
986
991
660
777
632
1009
937
772
974
607
982
792
523
867
506
1053
1677
1378
1495
1042
1766
1477
1196
1490
1028
1650
1738
1114
1258
921
1554
1226
860
1186
885
1473
1088
706
1041
689
1109
2152
1886
2084
1743
2146
2503
1858
1939
1275
2084
1811
1450
1736
1279
1820
1733
1145
1476
1096
1752
1366
991
1237
924
1345
