189
231
288
233
275
184
138
116
168
146
7
32
170
59
246
134
54
2
0
52
61
5
131
4
19
503
584
756
369
813
787
380
419
303
796
474
307
433
302
407
619
242
298
214
403
366
111
424
174
479
962
813
848
662
1327
944
717
864
712
1097
1016
666
964
596
1273
1140
582
833
584
1032
773
425
844
447
892
1893
1358
1400
1258
1715
1576
1225
1742
1242
1620
1511
1058
1581
970
1538
1239
1181
1156
816
1547
1100
905
955
819
1502
2381
1900
2390
1630
2596
1951
1827
2003
1350
2090
1775
1437
1783
1243
1851
1859
1186
1396
1113
1786
1506
1093
1403
1102
1546
