290
181
703
176
252
243
274
153
241
222
104
111
198
140
261
284
73
43
74
168
164
91
93
71
268
650
469
729
412
619
617
409
453
534
517
577
420
413
582
530
575
380
593
290
567
458
312
360
403
561
946
902
892
808
915
881
1120
900
664
954
920
661
903
634
1089
954
723
1048
674
1199
767
478
682
517
1154
1761
1275
1330
1123
1472
1726
1305
1271
1116
1451
1393
989
1283
979
1249
1141
888
1475
853
1431
984
705
1066
703
1048
2226
1804
2131
1378
1919
1902
1537
1776
1278
1868
1683
1341
1579
1114
1929
1528
1135
1519
963
1899
1379
998
1383
855
1838
