158
146
293
130
180
45
35
80
46
111
0
0
0
0
0
0
0
0
0
0
0
0
0
0
0
649
530
567
450
708
1109
344
375
282
575
458
206
209
449
429
157
80
130
76
305
149
92
96
0
196
1575
1468
1382
951
1548
1421
1032
1117
778
1410
1311
768
1115
608
1354
1341
526
1011
538
1379
1008
314
740
262
1069
2745
2210
2355
1819
2755
2689
1994
2339
1688
2811
2320
1709
1997
1383
2448
1944
1254
1723
1071
2296
1616
899
1313
764
1707
4035
3440
3812
3013
4071
3527
2876
3295
2396
3632
3330
2437
2739
2010
3218
2705
2651
2334
1709
2763
2320
1709
1966
1384
2414
