165
174
156
251
202
986
95
87
82
169
26
5
12
2
34
0
0
0
0
0
0
0
0
0
0
517
470
691
547
565
430
321
431
304
572
356
192
315
238
419
278
129
197
148
448
296
31
177
80
395
1107
951
1036
750
1104
1113
779
878
702
1746
1062
752
1024
582
1086
989
588
847
541
1144
1014
354
737
394
960
2494
1621
1919
1294
1984
1891
1509
1660
1408
2071
1667
1232
1443
1077
1759
1440
1003
1709
905
1498
1481
763
1200
700
1803
2795
2404
2599
1912
3019
2408
1983
2184
1675
2822
2171
1666
1958
1502
2208
1900
1486
1717
1281
2218
1653
1197
1446
1065
1845
