157
130
157
134
133
69
82
64
77
67
18
11
8
28
30
0
0
0
26
4
0
0
0
53
0
512
305
543
396
357
395
234
443
368
299
324
142
353
343
237
332
55
327
374
187
350
8
249
391
114
1096
630
1161
803
722
1083
509
1122
835
658
1059
414
1156
870
632
1087
355
1105
907
569
962
177
883
789
445
1879
1123
2034
1386
1206
1926
1024
2058
1432
1186
1687
823
1816
1299
1019
1462
680
1586
1169
892
1276
463
1332
1036
716
2641
1691
2856
1930
1713
2392
1451
2568
1737
1522
2150
1221
2301
1583
1343
1926
1024
2058
1432
1186
1687
823
1816
1299
1019
