191
157
169
155
211
117
64
103
81
149
54
13
33
37
72
25
9
16
3
42
53
17
27
15
56
487
434
452
378
508
453
352
398
315
468
418
290
347
269
440
382
203
309
236
452
350
157
306
194
480
868
740
789
667
924
867
687
764
644
923
877
645
767
614
937
882
580
809
560
952
766
442
669
453
832
1486
1202
1319
1044
1483
1481
1102
1322
994
1503
1298
952
1181
863
1351
1147
817
1041
772
1203
1007
699
933
678
1063
1987
1716
1810
1436
2027
1785
1481
1637
1275
1842
1633
1294
1485
1130
1653
1480
1108
1323
994
1488
1290
950
1179
875
1351
