200
157
170
156
215
114
71
95
81
146
41
5
48
33
94
31
8
21
6
61
57
17
21
15
62
491
432
461
382
509
453
341
395
322
473
424
277
344
279
461
376
201
304
232
462
382
169
332
200
485
873
739
786
667
917
862
683
769
644
925
873
644
766
610
948
884
570
810
567
951
757
434
689
457
830
1486
1202
1331
1040
1502
1471
1101
1328
993
1505
1295
956
1161
875
1339
1127
829
1037
780
1190
1016
707
923
679
1072
2001
1704
1845
1444
2045
1784
1491
1628
1277
1820
1640
1294
1490
1124
1674
1471
1109
1314
994
1506
1296
948
1172
871
1352
