163
152
161
141
196
67
54
80
62
122
2
0
0
1
53
0
0
0
0
4
15
5
7
3
19
481
405
423
369
497
409
327
353
289
442
369
227
305
226
389
324
145
254
179
381
310
78
237
131
395
929
770
792
661
945
879
691
751
626
930
890
628
751
586
940
904
554
764
544
970
740
397
643
417
820
1575
1269
1372
1114
1563
1561
1181
1376
1049
1580
1358
998
1207
902
1423
1189
838
1043
773
1244
1044
687
902
660
1093
2140
1835
1962
1527
2175
1912
1584
1753
1350
1952
1747
1362
1546
1200
1742
1560
1181
1375
1048
1579
1358
998
1207
905
1424
