165
152
161
141
199
74
54
81
67
126
5
0
2
2
61
0
0
0
0
0
15
5
7
3
19
478
404
418
371
493
416
325
346
288
440
374
227
307
221
393
326
145
261
185
379
311
80
241
147
394
924
769
795
661
945
878
695
750
626
931
889
627
753
586
928
911
550
762
536
959
741
394
641
414
823
1575
1269
1372
1114
1563
1562
1181
1381
1054
1579
1355
998
1211
900
1423
1190
838
1037
775
1243
1044
688
904
661
1097
2140
1835
1962
1527
2175
1912
1581
1753
1350
1952
1747
1362
1546
1199
1742
1562
1181
1378
1048
1579
1351
998
1207
901
1425
