145
105
151
134
120
53
25
48
51
46
0
0
0
3
0
0
0
0
4
0
0
0
0
36
0
495
304
536
388
344
413
218
429
373
286
343
129
356
345
215
318
50
285
357
141
364
0
259
390
95
1070
630
1163
800
713
1046
505
1113
812
645
1059
404
1094
846
598
1074
313
1092
888
567
914
174
887
772
441
1880
1123
2042
1379
1202
1922
1020
2055
1418
1176
1689
814
1788
1289
1012
1482
638
1565
1152
855
1274
460
1312
1024
693
2650
1691
2873
1944
1713
2387
1456
2568
1748
1509
2150
1229
2297
1579
1334
1919
1020
2049
1420
1174
1688
816
1789
1287
1012
