147
105
151
129
124
48
25
57
67
46
2
0
0
7
0
0
0
0
5
0
0
0
0
35
0
500
298
535
392
344
409
218
438
375
290
358
129
359
343
210
322
50
314
353
141
365
0
258
396
93
1082
630
1172
798
712
1058
505
1111
814
637
1076
398
1091
836
595
1088
323
1092
894
573
933
172
888
775
441
1871
1123
2041
1379
1203
1915
1015
2053
1421
1176
1690
809
1802
1289
1009
1483
643
1566
1152
854
1273
452
1321
1017
690
2646
1686
2863
1939
1707
2387
1454
2581
1742
1512
2150
1221
2315
1571
1338
1925
1021
2047
1425
1177
1700
810
1797
1288
1006
