144
105
157
131
123
49
25
45
56
48
0
0
0
3
0
0
0
0
3
0
0
0
0
33
0
494
301
532
389
344
400
218
424
358
275
345
129
360
340
207
314
50
286
341
138
347
0
228
368
87
1074
630
1160
801
710
1036
505
1108
807
644
1061
397
1091
844
598
1081
320
1099
884
565
906
172
890
783
427
1866
1120
2038
1370
1205
1910
1018
2048
1418
1171
1687
810
1784
1281
1006
1465
636
1553
1149
851
1264
453
1303
1001
690
2653
1689
2869
1938
1709
2381
1452
2568
1740
1510
2150
1220
2302
1575
1335
1914
1018
2047
1413
1175
1687
807
1789
1278
1006
