226
121
193
205
142
178
50
216
151
62
53
40
100
68
1
97
18
1
137
0
159
0
63
178
1
906
495
933
680
538
751
341
669
607
441
709
121
671
616
333
565
159
515
529
306
695
104
683
637
190
1913
964
1994
1390
1108
1972
754
1828
1421
1064
1870
625
1805
1522
917
1915
708
1812
1415
895
1626
461
1464
1319
682
3282
1938
3579
2343
2043
3272
1815
3618
2545
1952
3044
1469
3148
2137
1594
2544
1090
2627
1898
1425
2285
833
2307
1743
1131
4733
3044
5120
3471
2947
4296
2459
4533
3044
2642
3752
2085
4067
2729
2216
3445
1769
3581
2463
2004
2936
1488
3131
2213
1643
