330
114
240
215
161
166
78
187
192
78
264
67
215
191
44
270
20
163
286
11
25
0
379
383
48
813
461
995
686
584
808
355
897
749
526
782
245
775
657
414
711
317
612
625
314
748
28
886
646
470
1834
1147
2025
1490
1206
2014
892
1910
1618
1159
2117
768
1990
1490
986
2247
752
2274
1743
959
1702
513
1466
1453
830
3302
2226
3613
2449
2160
3452
1847
3703
2486
1980
3237
1343
3279
2190
1808
2573
1264
2674
2077
1376
2383
930
2360
1789
1304
4785
3266
5313
3637
3026
4323
2601
4560
3194
2668
3911
2392
4115
2749
2373
3346
1776
3592
2580
2079
3196
1570
3124
2379
1635
