181
152
166
150
209
89
66
95
67
142
28
4
9
5
86
0
0
0
0
30
21
5
7
3
21
499
412
437
374
511
425
337
366
296
469
392
246
313
232
418
380
168
278
189
409
371
108
262
159
409
961
777
826
663
954
910
699
771
635
969
916
654
777
590
973
925
591
796
552
985
768
429
668
428
851
1590
1272
1398
1114
1587
1577
1202
1397
1061
1588
1391
1006
1238
912
1450
1218
855
1091
789
1268
1072
714
935
664
1125
2157
1859
1986
1538
2175
1921
1591
1766
1360
1958
1760
1382
1593
1200
1764
1601
1186
1411
1055
1596
1403
1004
1239
908
1428
