145
104
148
125
120
32
21
38
44
42
0
0
0
0
0
0
0
0
0
0
0
0
0
13
0
564
335
622
457
385
415
217
475
383
278
338
125
368
352
207
270
43
254
342
118
320
0
208
349
48
1288
722
1398
933
821
1221
585
1319
921
729
1215
429
1267
968
655
1260
297
1262
1029
587
1037
150
953
868
418
2309
1343
2513
1662
1447
2343
1186
2523
1721
1396
2033
926
2196
1539
1156
1776
698
1867
1350
982
1507
478
1572
1196
785
3311
2070
3601
2400
2107
2974
1761
3207
2131
1847
2657
1468
2863
1918
1611
2341
1186
2521
1719
1392
2051
927
2196
1541
1161
