142
104
148
125
120
32
21
38
42
42
0
0
0
0
0
0
0
0
0
0
0
0
0
13
0
563
335
626
449
381
414
217
471
387
279
332
125
351
344
210
262
43
245
339
113
299
0
207
363
40
1287
719
1405
926
822
1225
585
1312
922
729
1228
425
1272
963
652
1258
295
1261
1027
586
1044
149
951
878
418
2307
1341
2511
1661
1447
2337
1185
2523
1717
1392
2036
925
2199
1534
1156
1765
693
1857
1362
983
1518
476
1562
1191
782
3311
2070
3601
2394
2104
2974
1762
3207
2134
1847
2655
1468
2861
1913
1612
2339
1184
2524
1718
1392
2043
925
2198
1540
1156
