200
137
215
180
158
175
86
175
162
109
172
44
135
176
86
179
36
126
176
79
189
31
127
219
83
476
330
495
400
377
465
274
481
401
349
458
231
466
415
325
464
193
460
424
299
482
136
464
438
276
763
531
832
619
586
779
488
862
640
580
799
449
877
657
573
818
412
862
684
551
732
336
758
633
480
1161
776
1236
865
808
1172
742
1245
891
794
1079
658
1144
844
739
997
570
1062
793
682
904
493
973
741
623
1498
1031
1621
1134
1032
1386
936
1488
1043
937
1287
832
1359
958
864
1170
743
1251
891
794
1079
658
1144
844
739
