198
137
202
180
159
169
85
156
168
114
166
37
131
161
97
174
25
122
172
80
179
26
120
215
83
476
330
495
400
375
465
274
481
402
350
458
228
463
415
324
464
190
453
424
299
482
145
459
437
282
763
531
832
619
586
779
488
862
640
579
799
449
866
657
572
814
412
862
684
551
732
336
758
632
480
1153
776
1225
865
808
1170
742
1239
891
794
1079
658
1144
844
739
989
570
1062
793
682
897
493
973
739
623
1483
1031
1598
1123
1028
1371
931
1471
1038
937
1272
832
1344
958
864
1170
742
1239
891
794
1079
658
1144
844
739
