203
137
218
180
158
179
86
175
167
114
175
44
135
176
86
179
39
126
184
79
189
31
128
219
83
476
330
495
400
377
465
277
481
401
349
458
231
468
415
327
464
193
466
426
299
482
136
464
442
278
763
531
832
619
586
779
488
866
640
580
799
449
877
657
574
818
413
862
684
551
732
336
758
633
480
1161
776
1236
866
808
1172
742
1245
891
794
1079
658
1145
844
739
997
570
1062
793
682
904
493
973
745
623
1498
1038
1638
1134
1034
1386
936
1488
1056
937
1300
832
1359
958
864
1170
743
1251
891
794
1079
658
1144
844
739
