171
116
179
142
144
80
45
102
92
77
39
0
37
41
29
11
0
4
34
2
40
0
0
86
7
462
302
485
370
346
400
227
441
350
297
413
157
394
365
256
391
84
353
389
225
404
31
352
415
200
896
525
965
670
595
881
474
931
699
584
896
412
928
735
562
961
347
961
782
536
795
247
804
699
441
1460
913
1576
1100
978
1502
842
1603
1129
953
1334
699
1454
1035
834
1204
575
1265
936
744
1066
453
1105
870
645
2013
1316
2149
1490
1329
1821
1136
1968
1362
1197
1653
997
1774
1244
1067
1497
842
1621
1136
951
1341
698
1452
1028
839
