163
116
182
143
139
88
41
96
89
74
32
0
28
42
35
16
0
8
27
2
33
0
2
76
7
459
302
475
373
347
396
227
430
351
292
393
157
390
351
247
402
84
371
383
220
415
33
358
416
198
889
526
955
669
595
883
476
923
689
584
891
412
925
733
560
941
352
938
769
540
797
247
800
698
440
1467
915
1580
1097
977
1497
842
1601
1135
952
1348
699
1436
1024
834
1197
567
1265
938
744
1071
453
1104
864
645
1997
1309
2149
1490
1326
1825
1141
1959
1354
1197
1652
993
1773
1237
1075
1497
842
1601
1133
952
1335
699
1438
1028
833
