169
149
158
137
195
53
43
97
71
118
8
1
0
7
44
0
0
0
0
0
0
0
0
0
0
512
459
456
372
550
418
317
358
285
464
335
188
283
189
422
240
101
236
129
389
253
22
208
101
390
1122
905
942
747
1104
1048
796
870
639
1063
1014
668
883
591
1061
991
543
848
547
1072
809
351
679
404
933
1915
1560
1664
1290
1946
1890
1437
1675
1235
1953
1669
1184
1424
1062
1710
1434
963
1221
858
1509
1191
756
1041
678
1279
2700
2293
2451
1875
2727
2413
1958
2176
1639
2437
2149
1667
1906
1418
2176
1890
1428
1675
1235
1953
1669
1184
1418
1062
1710
