153
146
151
133
189
43
42
54
67
105
0
0
0
0
22
0
0
0
0
0
0
0
0
0
0
488
427
439
372
527
415
306
351
278
457
320
188
252
182
390
221
89
210
101
364
228
29
171
74
354
1088
901
939
732
1104
1040
770
860
638
1056
997
668
800
584
1032
977
532
835
537
1055
775
330
666
383
892
1905
1556
1656
1286
1936
1865
1422
1655
1235
1938
1649
1181
1416
1062
1704
1414
952
1213
849
1488
1165
747
1010
678
1270
2700
2293
2451
1871
2727
2397
1951
2169
1634
2431
2144
1662
1906
1416
2176
1869
1422
1657
1235
1938
1649
1181
1416
1062
1704
