153
146
153
132
189
43
42
54
66
105
3
0
0
3
22
0
0
0
0
0
0
0
0
0
0
488
432
444
372
533
415
306
353
278
457
306
188
239
183
392
221
89
210
100
364
248
29
178
74
354
1085
903
939
732
1104
1035
770
858
638
1056
995
668
800
584
1031
977
532
830
547
1055
775
330
666
383
892
1905
1556
1656
1287
1936
1865
1422
1655
1235
1938
1649
1181
1416
1050
1704
1404
952
1213
858
1484
1166
747
1010
684
1270
2700
2293
2451
1871
2727
2398
1951
2169
1634
2431
2144
1662
1906
1416
2176
1867
1422
1655
1235
1938
1649
1181
1416
1062
1704
