186
156
173
157
207
101
80
100
99
150
28
29
31
47
93
48
20
21
21
74
77
29
40
33
74
480
449
460
392
506
434
375
410
333
476
416
299
359
297
465
389
245
326
254
467
382
198
316
206
477
827
732
750
663
850
841
690
734
638
873
854
637
750
612
887
845
574
769
574
900
726
454
655
470
799
1380
1136
1252
990
1391
1356
1036
1233
962
1396
1201
907
1085
847
1252
1075
795
981
760
1128
970
690
866
673
993
1834
1596
1694
1349
1887
1668
1403
1535
1205
1711
1518
1222
1387
1068
1550
1356
1036
1241
958
1398
1203
908
1091
848
1247
