180
156
172
157
207
101
80
92
94
144
28
17
30
47
93
45
20
21
21
73
73
26
36
33
66
480
447
459
392
506
434
375
409
327
476
414
299
359
288
465
381
244
325
254
467
382
186
316
206
477
827
732
748
663
850
841
690
734
637
872
854
637
750
612
884
844
574
769
574
893
725
449
655
470
799
1380
1136
1248
990
1390
1354
1036
1233
961
1394
1201
907
1085
847
1249
1075
795
981
760
1125
968
690
866
673
993
1834
1596
1694
1349
1887
1666
1403
1535
1203
1711
1517
1222
1387
1060
1549
1356
1036
1238
958
1398
1203
905
1091
847
1246
