183
158
169
156
207
103
81
89
93
145
30
26
40
48
90
40
20
24
21
70
68
26
44
34
71
479
448
461
394
506
435
370
409
336
476
393
301
358
289
463
370
233
327
250
463
377
175
305
221
459
827
732
748
663
851
841
690
733
637
873
856
637
750
612
888
849
574
758
573
891
709
449
655
463
787
1380
1136
1247
983
1390
1354
1036
1231
954
1392
1199
904
1085
847
1245
1083
795
976
764
1120
968
690
864
673
1005
1832
1596
1694
1349
1885
1666
1403
1535
1203
1711
1516
1219
1387
1055
1548
1354
1036
1231
954
1392
1201
904
1085
847
1247
