184
159
170
157
207
105
77
89
89
144
33
20
32
46
89
42
22
31
26
74
72
26
36
33
83
480
449
459
394
505
439
370
409
331
476
408
305
357
296
468
392
242
334
253
475
387
187
311
209
470
827
732
748
663
854
845
690
733
641
867
856
638
750
616
881
853
574
769
576
891
729
454
655
469
792
1382
1136
1248
984
1390
1356
1039
1231
961
1394
1199
905
1091
847
1245
1077
795
974
760
1122
968
690
874
673
998
1832
1596
1694
1349
1885
1666
1403
1535
1205
1712
1516
1219
1387
1059
1549
1354
1036
1231
955
1392
1201
905
1090
847
1245
