175
147
162
139
203
91
53
74
56
127
9
0
4
0
51
0
0
0
0
18
0
0
0
0
0
502
432
441
369
525
425
320
363
296
468
352
223
290
212
413
340
130
257
150
399
295
53
254
105
401
1021
830
864
694
1026
983
728
799
620
1007
944
676
801
567
1029
956
576
842
532
1045
787
381
690
410
887
1705
1384
1517
1201
1724
1707
1278
1526
1144
1743
1514
1083
1325
974
1553
1316
894
1138
827
1382
1117
737
994
665
1197
2382
2042
2193
1673
2429
2144
1753
1947
1459
2175
1915
1476
1729
1302
1941
1706
1283
1513
1145
1736
1516
1085
1332
974
1567
