169
147
160
138
199
68
49
72
56
129
2
0
0
0
57
0
0
0
0
8
0
0
0
0
0
497
418
435
366
508
419
311
360
290
462
352
218
274
210
404
304
126
244
142
386
286
66
209
104
372
1022
827
864
682
1015
975
733
790
616
1002
921
659
797
571
1005
938
558
819
529
1031
778
392
680
408
859
1692
1379
1505
1201
1727
1698
1282
1519
1143
1738
1510
1080
1320
968
1545
1308
882
1131
818
1357
1095
739
968
655
1188
2367
2032
2179
1674
2429
2136
1752
1941
1453
2159
1893
1483
1726
1299
1945
1692
1276
1501
1138
1732
1499
1073
1314
963
1541
